rank tag source dest timestamp
1 1000 1 0 1292874.486
1 1001 1 0 1292874.491
1 1002 1 0 1292874.537
1 1003 1 0 1292874.539
1 1004 1 0 1292874.542
1 1005 1 0 1292874.544
1 1006 1 0 1292874.546
1 1007 1 0 1292874.548
1 1008 1 0 1292874.601
1 1009 1 0 1292874.607
1 1010 1 0 1292874.657
1 1011 1 0 1292874.66
1 1012 1 0 1292874.663
1 1013 1 0 1292874.666
1 1014 1 0 1292874.669
1 1015 1 0 1292874.671
1 1016 1 0 1292874.721
1 1017 1 0 1292874.726
1 1018 1 0 1292874.774
1 1019 1 0 1292874.778
1 1020 1 0 1292874.781
1 1021 1 0 1292874.783
1 1022 1 0 1292874.786
1 1023 1 0 1292874.788
1 1024 1 0 1292874.792
1 1025 1 0 1292874.795
1 1026 1 0 1292874.832
1 1027 1 0 1292874.836
1 1028 1 0 1292874.838
1 1029 1 0 1292874.84
1 1030 1 0 1292874.842
1 1031 1 0 1292874.844
1 1040 1 0 1292875.131
1 1049 1 0 1292876.281
1 1050 1 0 1292876.282
1 1051 1 0 1292876.284
1 1056 1 0 1292876.299
1 1060 1 0 1292876.303
1 1064 1 0 1292876.306
1 1065 1 0 1292876.307
1 1066 1 0 1292876.308
1 1067 1 0 1292876.309
1 1072 1 0 1292876.32
1 1076 1 0 1292876.325
1 1080 1 0 1292876.328
1 1081 1 0 1292876.329
1 1082 1 0 1292876.33
1 1083 1 0 1292876.33
1 1100 1 0 1292876.402
1 1101 1 0 1292876.403
1 1102 1 0 1292876.404
1 1103 1 0 1292876.405
1 1104 1 0 1292876.414
1 1105 1 0 1292876.45
1 1106 1 0 1292876.716
1 1107 1 0 1292876.723
1 1108 1 0 1292876.733
1 1115 1 0 1292877.382
1 1122 1 0 1292877.531
1 1123 1 0 1292877.531
1 1124 1 0 1292877.532
1 1129 1 0 1292877.618
1 1133 1 0 1292877.622
1 1137 1 0 1292877.626
1 1138 1 0 1292877.627
1 1139 1 0 1292877.628
1 1140 1 0 1292877.628
1 1141 1 0 1292877.631
1 1142 1 0 1292877.638
1 1143 1 0 1292877.651
1 1144 1 0 1292877.652
1 1147 1 0 1292877.655
1 1148 1 0 1292877.655
1 1149 1 0 1292877.656
1 1150 1 0 1292877.674
1 1151 1 0 1292877.943
1 1152 1 0 1292877.949
1 1153 1 0 1292877.959
1 1160 1 0 1292878.594
1 1161 1 0 1292878.594
1 1164 1 0 1292878.596
1 1165 1 0 1292878.596
1 1166 1 0 1292878.597
1 1167 1 0 1292878.614
1 1177 1 0 1292878.776
1 1181 1 0 1292878.78
1 1185 1 0 1292878.783
1 1186 1 0 1292878.783
1 1187 1 0 1292878.784
1 1188 1 0 1292878.784
1 1193 1 0 1292878.863
1 1197 1 0 1292878.868
1 1201 1 0 1292878.872
1 1202 1 0 1292878.873
1 1203 1 0 1292878.875
1 1204 1 0 1292878.875
1 1205 1 0 1292878.877
1 1206 1 0 1292878.884
1 1207 1 0 1292878.896
1 1208 1 0 1292878.899
1 1211 1 0 1292878.901
1 1212 1 0 1292878.902
1 1213 1 0 1292878.902
1 1214 1 0 1292878.921
1 1215 1 0 1292879.208
1 1216 1 0 1292879.215
1 1217 1 0 1292879.22
1 1218 1 0 1292879.811
1 1219 1 0 1292879.812
1 1222 1 0 1292879.814
1 1223 1 0 1292879.815
1 1224 1 0 1292879.815
1 1225 1 0 1292879.833
1 1229 1 0 1292879.983
1 1233 1 0 1292879.987
1 1237 1 0 1292879.99
1 1238 1 0 1292879.991
1 1239 1 0 1292879.992
1 1240 1 0 1292879.992
1 1245 1 0 1292880.078
1 1249 1 0 1292880.082
1 1253 1 0 1292880.085
1 1254 1 0 1292880.086
1 1255 1 0 1292880.086
1 1256 1 0 1292880.087
1 1257 1 0 1292880.089
1 1258 1 0 1292880.095
1 1259 1 0 1292880.109
1 1260 1 0 1292880.109
1 1263 1 0 1292880.112
1 1264 1 0 1292880.112
1 1265 1 0 1292880.113
1 1266 1 0 1292880.131
1 1267 1 0 1292880.417
1 1268 1 0 1292880.424
1 1269 1 0 1292880.43
1 1270 1 0 1292881.019
1 1271 1 0 1292881.02
1 1274 1 0 1292881.022
1 1275 1 0 1292881.022
1 1276 1 0 1292881.023
1 1277 1 0 1292881.04
1 1281 1 0 1292881.191
1 1285 1 0 1292881.195
1 1289 1 0 1292881.199
1 1290 1 0 1292881.201
1 1291 1 0 1292881.201
1 1292 1 0 1292881.201
1 1300 1 0 1292881.323
1 1308 1 0 1292881.534
1 1312 1 0 1292881.539
1 1316 1 0 1292881.543
1 1317 1 0 1292881.544
1 1318 1 0 1292881.544
1 1319 1 0 1292881.544
1 1324 1 0 1292881.566
1 1328 1 0 1292881.576
1 1332 1 0 1292881.578
1 1333 1 0 1292881.58
1 1334 1 0 1292881.58
1 1335 1 0 1292881.58
1 1341 1 0 1292881.621
1 1342 1 0 1292881.624
1 1343 1 0 1292881.658
1 1344 1 0 1292881.662
1 1345 1 0 1292881.665
1 1346 1 0 1292881.668
1 1347 1 0 1292881.671
1 1348 1 0 1292881.673
1 1350 1 0 1292881.701
1 1351 1 0 1292881.702
1 1354 1 0 1292881.704
1 1355 1 0 1292881.705
1 1356 1 0 1292881.705
1 1357 1 0 1292881.729
1 1365 1 0 1292882.567
1 1369 1 0 1292882.572
1 1373 1 0 1292882.575
1 1374 1 0 1292882.576
1 1375 1 0 1292882.577
1 1376 1 0 1292882.578
1 1377 1 0 1292882.581
1 1378 1 0 1292882.589
1 1379 1 0 1292882.603
1 1380 1 0 1292882.604
1 1383 1 0 1292882.606
1 1384 1 0 1292882.606
1 1385 1 0 1292882.607
1 1386 1 0 1292882.624
1 1387 1 0 1292882.888
1 1388 1 0 1292882.894
1 1389 1 0 1292882.903
1 1396 1 0 1292883.522
1 1397 1 0 1292883.523
1 1400 1 0 1292883.524
1 1401 1 0 1292883.525
1 1402 1 0 1292883.525
1 1403 1 0 1292883.542
1 1413 1 0 1292883.696
1 1417 1 0 1292883.701
1 1421 1 0 1292883.703
1 1422 1 0 1292883.706
1 1423 1 0 1292883.706
1 1424 1 0 1292883.707
1 1429 1 0 1292883.784
1 1433 1 0 1292883.789
1 1437 1 0 1292883.795
1 1438 1 0 1292883.796
1 1439 1 0 1292883.797
1 1440 1 0 1292883.797
1 1441 1 0 1292883.799
1 1442 1 0 1292883.806
1 1443 1 0 1292883.817
1 1444 1 0 1292883.819
1 1447 1 0 1292883.822
1 1448 1 0 1292883.823
1 1449 1 0 1292883.823
1 1450 1 0 1292883.842
1 1451 1 0 1292884.129
1 1452 1 0 1292884.136
1 1453 1 0 1292884.142
1 1454 1 0 1292884.723
1 1455 1 0 1292884.724
1 1458 1 0 1292884.726
1 1459 1 0 1292884.726
1 1460 1 0 1292884.727
1 1461 1 0 1292884.744
1 1465 1 0 1292884.896
1 1469 1 0 1292884.901
1 1473 1 0 1292884.904
1 1474 1 0 1292884.906
1 1475 1 0 1292884.907
1 1476 1 0 1292884.907
1 1481 1 0 1292884.99
1 1485 1 0 1292884.994
1 1489 1 0 1292884.997
1 1490 1 0 1292885
1 1491 1 0 1292885
1 1492 1 0 1292885.001
1 1493 1 0 1292885.003
1 1494 1 0 1292885.01
1 1495 1 0 1292885.023
1 1496 1 0 1292885.024
1 1499 1 0 1292885.028
1 1500 1 0 1292885.028
1 1501 1 0 1292885.029
1 1502 1 0 1292885.047
1 1503 1 0 1292885.332
1 1504 1 0 1292885.339
1 1505 1 0 1292885.346
1 1506 1 0 1292885.927
1 1507 1 0 1292885.927
1 1510 1 0 1292885.928
1 1511 1 0 1292885.929
1 1512 1 0 1292885.929
1 1513 1 0 1292885.947
1 1517 1 0 1292886.095
1 1521 1 0 1292886.1
1 1525 1 0 1292886.103
1 1526 1 0 1292886.104
1 1527 1 0 1292886.104
1 1528 1 0 1292886.105
1 1536 1 0 1292886.222
1 1544 1 0 1292886.432
1 1548 1 0 1292886.437
1 1552 1 0 1292886.44
1 1553 1 0 1292886.441
1 1554 1 0 1292886.441
1 1555 1 0 1292886.442
1 1560 1 0 1292886.463
1 1564 1 0 1292886.467
1 1568 1 0 1292886.47
1 1569 1 0 1292886.471
1 1570 1 0 1292886.472
1 1571 1 0 1292886.472
1 1583 1 0 1292886.58
1 1592 1 0 1292887.017
1 1593 1 0 1292887.018
1 1594 1 0 1292887.02
1 1599 1 0 1292887.044
1 1603 1 0 1292887.048
1 1607 1 0 1292887.052
1 1608 1 0 1292887.053
1 1609 1 0 1292887.054
1 1610 1 0 1292887.054
1 1615 1 0 1292887.075
1 1619 1 0 1292887.08
1 1623 1 0 1292887.083
1 1624 1 0 1292887.084
1 1625 1 0 1292887.084
1 1626 1 0 1292887.085
2 1000 2 0 1292874.486
2 1001 2 0 1292874.49
2 1002 2 0 1292874.536
2 1003 2 0 1292874.539
2 1004 2 0 1292874.541
2 1005 2 0 1292874.543
2 1006 2 0 1292874.546
2 1007 2 0 1292874.548
2 1008 2 0 1292874.601
2 1009 2 0 1292874.606
2 1010 2 0 1292874.657
2 1011 2 0 1292874.66
2 1012 2 0 1292874.663
2 1013 2 0 1292874.666
2 1014 2 0 1292874.668
2 1015 2 0 1292874.671
2 1016 2 0 1292874.721
2 1017 2 0 1292874.726
2 1018 2 0 1292874.774
2 1019 2 0 1292874.778
2 1020 2 0 1292874.781
2 1021 2 0 1292874.783
2 1022 2 0 1292874.786
2 1023 2 0 1292874.788
2 1024 2 0 1292874.792
2 1025 2 0 1292874.795
2 1026 2 0 1292874.832
2 1027 2 0 1292874.835
2 1028 2 0 1292874.838
2 1029 2 0 1292874.839
2 1030 2 0 1292874.842
2 1031 2 0 1292874.844
2 1040 2 0 1292875.131
2 1049 2 0 1292876.281
2 1050 2 0 1292876.282
2 1051 2 0 1292876.285
2 1055 2 0 1292876.296
2 1056 2 0 1292876.298
2 1059 2 0 1292876.302
2 1060 2 0 1292876.303
2 1063 2 0 1292876.305
2 1064 2 0 1292876.306
2 1065 2 0 1292876.307
2 1066 2 0 1292876.308
2 1067 2 0 1292876.309
2 1071 2 0 1292876.319
2 1072 2 0 1292876.321
2 1075 2 0 1292876.323
2 1076 2 0 1292876.325
2 1079 2 0 1292876.327
2 1080 2 0 1292876.328
2 1081 2 0 1292876.329
2 1082 2 0 1292876.33
2 1083 2 0 1292876.33
2 1100 2 0 1292876.402
2 1101 2 0 1292876.403
2 1102 2 0 1292876.404
2 1103 2 0 1292876.406
2 1104 2 0 1292876.414
2 1105 2 0 1292876.45
2 1106 2 0 1292876.717
2 1107 2 0 1292876.724
2 1108 2 0 1292876.732
2 1115 2 0 1292877.383
2 1122 2 0 1292877.531
2 1123 2 0 1292877.531
2 1124 2 0 1292877.532
2 1128 2 0 1292877.613
2 1129 2 0 1292877.616
2 1132 2 0 1292877.62
2 1133 2 0 1292877.621
2 1136 2 0 1292877.625
2 1137 2 0 1292877.627
2 1138 2 0 1292877.627
2 1139 2 0 1292877.628
2 1140 2 0 1292877.628
2 1141 2 0 1292877.631
2 1142 2 0 1292877.637
2 1143 2 0 1292877.65
2 1145 2 0 1292877.654
2 1147 2 0 1292877.655
2 1148 2 0 1292877.655
2 1149 2 0 1292877.656
2 1150 2 0 1292877.675
2 1151 2 0 1292877.943
2 1152 2 0 1292877.949
2 1153 2 0 1292877.959
2 1160 2 0 1292878.594
2 1162 2 0 1292878.595
2 1164 2 0 1292878.596
2 1165 2 0 1292878.596
2 1166 2 0 1292878.597
2 1167 2 0 1292878.615
2 1176 2 0 1292878.772
2 1177 2 0 1292878.774
2 1180 2 0 1292878.778
2 1181 2 0 1292878.779
2 1184 2 0 1292878.782
2 1185 2 0 1292878.783
2 1186 2 0 1292878.783
2 1187 2 0 1292878.784
2 1188 2 0 1292878.784
2 1192 2 0 1292878.861
2 1193 2 0 1292878.863
2 1196 2 0 1292878.867
2 1197 2 0 1292878.868
2 1200 2 0 1292878.871
2 1201 2 0 1292878.873
2 1202 2 0 1292878.874
2 1203 2 0 1292878.875
2 1204 2 0 1292878.875
2 1205 2 0 1292878.877
2 1206 2 0 1292878.884
2 1207 2 0 1292878.895
2 1209 2 0 1292878.9
2 1211 2 0 1292878.901
2 1212 2 0 1292878.902
2 1213 2 0 1292878.902
2 1214 2 0 1292878.921
2 1215 2 0 1292879.208
2 1216 2 0 1292879.213
2 1217 2 0 1292879.22
2 1218 2 0 1292879.811
2 1220 2 0 1292879.814
2 1222 2 0 1292879.815
2 1223 2 0 1292879.815
2 1224 2 0 1292879.815
2 1225 2 0 1292879.833
2 1228 2 0 1292879.981
2 1229 2 0 1292879.983
2 1232 2 0 1292879.986
2 1233 2 0 1292879.987
2 1236 2 0 1292879.989
2 1237 2 0 1292879.99
2 1238 2 0 1292879.991
2 1239 2 0 1292879.992
2 1240 2 0 1292879.992
2 1244 2 0 1292880.076
2 1245 2 0 1292880.078
2 1248 2 0 1292880.081
2 1249 2 0 1292880.082
2 1252 2 0 1292880.084
2 1253 2 0 1292880.085
2 1254 2 0 1292880.086
2 1255 2 0 1292880.086
2 1256 2 0 1292880.087
2 1257 2 0 1292880.089
2 1258 2 0 1292880.095
2 1259 2 0 1292880.108
2 1261 2 0 1292880.111
2 1263 2 0 1292880.112
2 1264 2 0 1292880.112
2 1265 2 0 1292880.113
2 1266 2 0 1292880.131
2 1267 2 0 1292880.418
2 1268 2 0 1292880.423
2 1269 2 0 1292880.429
2 1270 2 0 1292881.019
2 1272 2 0 1292881.02
2 1274 2 0 1292881.022
2 1275 2 0 1292881.022
2 1276 2 0 1292881.023
2 1277 2 0 1292881.041
2 1280 2 0 1292881.19
2 1281 2 0 1292881.191
2 1284 2 0 1292881.194
2 1285 2 0 1292881.195
2 1288 2 0 1292881.197
2 1289 2 0 1292881.199
2 1290 2 0 1292881.2
2 1291 2 0 1292881.201
2 1292 2 0 1292881.201
2 1300 2 0 1292881.323
2 1307 2 0 1292881.532
2 1308 2 0 1292881.534
2 1311 2 0 1292881.537
2 1312 2 0 1292881.538
2 1315 2 0 1292881.541
2 1316 2 0 1292881.542
2 1317 2 0 1292881.543
2 1318 2 0 1292881.544
2 1319 2 0 1292881.544
2 1323 2 0 1292881.565
2 1324 2 0 1292881.567
2 1327 2 0 1292881.574
2 1328 2 0 1292881.575
2 1331 2 0 1292881.578
2 1332 2 0 1292881.579
2 1333 2 0 1292881.579
2 1334 2 0 1292881.58
2 1335 2 0 1292881.58
2 1341 2 0 1292881.62
2 1342 2 0 1292881.624
2 1343 2 0 1292881.658
2 1344 2 0 1292881.662
2 1345 2 0 1292881.665
2 1346 2 0 1292881.668
2 1347 2 0 1292881.671
2 1348 2 0 1292881.673
2 1350 2 0 1292881.702
2 1352 2 0 1292881.703
2 1354 2 0 1292881.704
2 1355 2 0 1292881.705
2 1356 2 0 1292881.705
2 1357 2 0 1292881.729
2 1364 2 0 1292882.565
2 1365 2 0 1292882.568
2 1368 2 0 1292882.57
2 1369 2 0 1292882.572
2 1372 2 0 1292882.574
2 1373 2 0 1292882.575
2 1374 2 0 1292882.576
2 1375 2 0 1292882.577
2 1376 2 0 1292882.579
2 1377 2 0 1292882.581
2 1378 2 0 1292882.589
2 1379 2 0 1292882.601
2 1381 2 0 1292882.605
2 1383 2 0 1292882.606
2 1384 2 0 1292882.606
2 1385 2 0 1292882.607
2 1386 2 0 1292882.624
2 1387 2 0 1292882.889
2 1388 2 0 1292882.894
2 1389 2 0 1292882.902
2 1396 2 0 1292883.523
2 1398 2 0 1292883.524
2 1400 2 0 1292883.524
2 1401 2 0 1292883.525
2 1402 2 0 1292883.525
2 1403 2 0 1292883.543
2 1412 2 0 1292883.694
2 1413 2 0 1292883.696
2 1416 2 0 1292883.7
2 1417 2 0 1292883.701
2 1420 2 0 1292883.703
2 1421 2 0 1292883.704
2 1422 2 0 1292883.706
2 1423 2 0 1292883.706
2 1424 2 0 1292883.707
2 1428 2 0 1292883.784
2 1429 2 0 1292883.785
2 1432 2 0 1292883.788
2 1433 2 0 1292883.79
2 1436 2 0 1292883.792
2 1437 2 0 1292883.794
2 1438 2 0 1292883.796
2 1439 2 0 1292883.796
2 1440 2 0 1292883.797
2 1441 2 0 1292883.799
2 1442 2 0 1292883.806
2 1443 2 0 1292883.816
2 1445 2 0 1292883.821
2 1447 2 0 1292883.822
2 1448 2 0 1292883.823
2 1449 2 0 1292883.823
2 1450 2 0 1292883.842
2 1451 2 0 1292884.129
2 1452 2 0 1292884.134
2 1453 2 0 1292884.142
2 1454 2 0 1292884.724
2 1456 2 0 1292884.725
2 1458 2 0 1292884.726
2 1459 2 0 1292884.726
2 1460 2 0 1292884.727
2 1461 2 0 1292884.745
2 1464 2 0 1292884.893
2 1465 2 0 1292884.895
2 1468 2 0 1292884.899
2 1469 2 0 1292884.9
2 1472 2 0 1292884.903
2 1473 2 0 1292884.904
2 1474 2 0 1292884.906
2 1475 2 0 1292884.906
2 1476 2 0 1292884.907
2 1480 2 0 1292884.987
2 1481 2 0 1292884.989
2 1484 2 0 1292884.993
2 1485 2 0 1292884.994
2 1488 2 0 1292884.996
2 1489 2 0 1292884.997
2 1490 2 0 1292885
2 1491 2 0 1292885
2 1492 2 0 1292885.001
2 1493 2 0 1292885.002
2 1494 2 0 1292885.01
2 1495 2 0 1292885.023
2 1497 2 0 1292885.026
2 1499 2 0 1292885.028
2 1500 2 0 1292885.028
2 1501 2 0 1292885.029
2 1502 2 0 1292885.048
2 1503 2 0 1292885.333
2 1504 2 0 1292885.338
2 1505 2 0 1292885.345
2 1506 2 0 1292885.927
2 1508 2 0 1292885.928
2 1510 2 0 1292885.928
2 1511 2 0 1292885.929
2 1512 2 0 1292885.929
2 1513 2 0 1292885.947
2 1516 2 0 1292886.093
2 1517 2 0 1292886.096
2 1520 2 0 1292886.098
2 1521 2 0 1292886.099
2 1524 2 0 1292886.102
2 1525 2 0 1292886.103
2 1526 2 0 1292886.104
2 1527 2 0 1292886.104
2 1528 2 0 1292886.105
2 1536 2 0 1292886.224
2 1543 2 0 1292886.431
2 1544 2 0 1292886.433
2 1547 2 0 1292886.436
2 1548 2 0 1292886.437
2 1551 2 0 1292886.439
2 1552 2 0 1292886.44
2 1553 2 0 1292886.441
2 1554 2 0 1292886.441
2 1555 2 0 1292886.442
2 1559 2 0 1292886.462
2 1560 2 0 1292886.464
2 1563 2 0 1292886.466
2 1564 2 0 1292886.467
2 1567 2 0 1292886.469
2 1568 2 0 1292886.47
2 1569 2 0 1292886.471
2 1570 2 0 1292886.471
2 1571 2 0 1292886.472
2 1583 2 0 1292886.58
2 1592 2 0 1292887.017
2 1593 2 0 1292887.018
2 1594 2 0 1292887.02
2 1598 2 0 1292887.041
2 1599 2 0 1292887.044
2 1602 2 0 1292887.047
2 1603 2 0 1292887.048
2 1606 2 0 1292887.05
2 1607 2 0 1292887.052
2 1608 2 0 1292887.053
2 1609 2 0 1292887.053
2 1610 2 0 1292887.054
2 1614 2 0 1292887.074
2 1615 2 0 1292887.076
2 1618 2 0 1292887.079
2 1619 2 0 1292887.08
2 1622 2 0 1292887.082
2 1623 2 0 1292887.083
2 1624 2 0 1292887.084
2 1625 2 0 1292887.084
2 1626 2 0 1292887.085
3 1000 3 0 1292874.486
3 1001 3 0 1292874.49
3 1002 3 0 1292874.537
3 1003 3 0 1292874.539
3 1004 3 0 1292874.542
3 1005 3 0 1292874.544
3 1006 3 0 1292874.546
3 1007 3 0 1292874.548
3 1008 3 0 1292874.601
3 1009 3 0 1292874.606
3 1010 3 0 1292874.657
3 1011 3 0 1292874.66
3 1012 3 0 1292874.663
3 1013 3 0 1292874.666
3 1014 3 0 1292874.668
3 1015 3 0 1292874.671
3 1016 3 0 1292874.721
3 1017 3 0 1292874.726
3 1018 3 0 1292874.774
3 1019 3 0 1292874.778
3 1020 3 0 1292874.781
3 1021 3 0 1292874.783
3 1022 3 0 1292874.786
3 1023 3 0 1292874.788
3 1024 3 0 1292874.792
3 1025 3 0 1292874.795
3 1026 3 0 1292874.832
3 1027 3 0 1292874.836
3 1028 3 0 1292874.838
3 1029 3 0 1292874.84
3 1030 3 0 1292874.842
3 1031 3 0 1292874.844
3 1040 3 0 1292875.13
3 1049 3 0 1292876.281
3 1050 3 0 1292876.283
3 1051 3 0 1292876.285
3 1056 3 0 1292876.299
3 1060 3 0 1292876.302
3 1064 3 0 1292876.307
3 1065 3 0 1292876.308
3 1066 3 0 1292876.308
3 1067 3 0 1292876.309
3 1072 3 0 1292876.32
3 1076 3 0 1292876.324
3 1080 3 0 1292876.328
3 1081 3 0 1292876.329
3 1082 3 0 1292876.33
3 1083 3 0 1292876.331
3 1100 3 0 1292876.402
3 1101 3 0 1292876.403
3 1102 3 0 1292876.404
3 1103 3 0 1292876.406
3 1104 3 0 1292876.414
3 1105 3 0 1292876.45
3 1106 3 0 1292876.717
3 1107 3 0 1292876.724
3 1108 3 0 1292876.732
3 1114 3 0 1292877.34
3 1115 3 0 1292877.382
3 1121 3 0 1292877.531
3 1122 3 0 1292877.531
3 1123 3 0 1292877.532
3 1124 3 0 1292877.532
3 1129 3 0 1292877.618
3 1133 3 0 1292877.621
3 1137 3 0 1292877.627
3 1138 3 0 1292877.628
3 1139 3 0 1292877.628
3 1140 3 0 1292877.629
3 1141 3 0 1292877.631
3 1142 3 0 1292877.638
3 1143 3 0 1292877.651
3 1144 3 0 1292877.652
3 1145 3 0 1292877.654
3 1147 3 0 1292877.655
3 1148 3 0 1292877.655
3 1149 3 0 1292877.656
3 1150 3 0 1292877.674
3 1151 3 0 1292877.942
3 1152 3 0 1292877.951
3 1153 3 0 1292877.959
3 1159 3 0 1292878.581
3 1160 3 0 1292878.594
3 1161 3 0 1292878.595
3 1162 3 0 1292878.595
3 1164 3 0 1292878.596
3 1165 3 0 1292878.596
3 1166 3 0 1292878.597
3 1167 3 0 1292878.614
3 1173 3 0 1292878.766
3 1177 3 0 1292878.776
3 1181 3 0 1292878.779
3 1185 3 0 1292878.783
3 1186 3 0 1292878.784
3 1187 3 0 1292878.784
3 1188 3 0 1292878.785
3 1193 3 0 1292878.863
3 1197 3 0 1292878.868
3 1201 3 0 1292878.872
3 1202 3 0 1292878.873
3 1203 3 0 1292878.875
3 1204 3 0 1292878.875
3 1205 3 0 1292878.877
3 1206 3 0 1292878.884
3 1207 3 0 1292878.896
3 1208 3 0 1292878.899
3 1209 3 0 1292878.9
3 1211 3 0 1292878.901
3 1212 3 0 1292878.902
3 1213 3 0 1292878.902
3 1214 3 0 1292878.921
3 1215 3 0 1292879.208
3 1216 3 0 1292879.214
3 1217 3 0 1292879.22
3 1218 3 0 1292879.811
3 1219 3 0 1292879.813
3 1220 3 0 1292879.814
3 1222 3 0 1292879.815
3 1223 3 0 1292879.815
3 1224 3 0 1292879.815
3 1225 3 0 1292879.833
3 1229 3 0 1292879.983
3 1233 3 0 1292879.987
3 1237 3 0 1292879.99
3 1238 3 0 1292879.991
3 1239 3 0 1292879.992
3 1240 3 0 1292879.992
3 1245 3 0 1292880.078
3 1249 3 0 1292880.082
3 1253 3 0 1292880.086
3 1254 3 0 1292880.086
3 1255 3 0 1292880.087
3 1256 3 0 1292880.087
3 1257 3 0 1292880.089
3 1258 3 0 1292880.095
3 1259 3 0 1292880.107
3 1260 3 0 1292880.11
3 1261 3 0 1292880.111
3 1263 3 0 1292880.112
3 1264 3 0 1292880.112
3 1265 3 0 1292880.113
3 1266 3 0 1292880.131
3 1267 3 0 1292880.417
3 1268 3 0 1292880.424
3 1269 3 0 1292880.43
3 1270 3 0 1292881.019
3 1271 3 0 1292881.02
3 1272 3 0 1292881.021
3 1274 3 0 1292881.022
3 1275 3 0 1292881.022
3 1276 3 0 1292881.023
3 1277 3 0 1292881.04
3 1281 3 0 1292881.192
3 1285 3 0 1292881.194
3 1289 3 0 1292881.199
3 1290 3 0 1292881.201
3 1291 3 0 1292881.201
3 1292 3 0 1292881.201
3 1300 3 0 1292881.323
3 1308 3 0 1292881.534
3 1312 3 0 1292881.539
3 1316 3 0 1292881.543
3 1317 3 0 1292881.543
3 1318 3 0 1292881.544
3 1319 3 0 1292881.545
3 1324 3 0 1292881.566
3 1328 3 0 1292881.575
3 1332 3 0 1292881.579
3 1333 3 0 1292881.58
3 1334 3 0 1292881.58
3 1335 3 0 1292881.581
3 1341 3 0 1292881.621
3 1342 3 0 1292881.624
3 1343 3 0 1292881.658
3 1344 3 0 1292881.662
3 1345 3 0 1292881.665
3 1346 3 0 1292881.668
3 1347 3 0 1292881.671
3 1348 3 0 1292881.673
3 1350 3 0 1292881.701
3 1351 3 0 1292881.702
3 1352 3 0 1292881.703
3 1354 3 0 1292881.704
3 1355 3 0 1292881.705
3 1356 3 0 1292881.705
3 1357 3 0 1292881.729
3 1365 3 0 1292882.567
3 1369 3 0 1292882.571
3 1373 3 0 1292882.575
3 1374 3 0 1292882.576
3 1375 3 0 1292882.577
3 1376 3 0 1292882.579
3 1377 3 0 1292882.581
3 1378 3 0 1292882.589
3 1379 3 0 1292882.603
3 1380 3 0 1292882.604
3 1381 3 0 1292882.605
3 1383 3 0 1292882.606
3 1384 3 0 1292882.606
3 1385 3 0 1292882.607
3 1386 3 0 1292882.624
3 1387 3 0 1292882.888
3 1388 3 0 1292882.895
3 1389 3 0 1292882.903
3 1395 3 0 1292883.504
3 1396 3 0 1292883.522
3 1397 3 0 1292883.523
3 1398 3 0 1292883.524
3 1400 3 0 1292883.524
3 1401 3 0 1292883.525
3 1402 3 0 1292883.525
3 1403 3 0 1292883.542
3 1409 3 0 1292883.689
3 1413 3 0 1292883.697
3 1417 3 0 1292883.7
3 1421 3 0 1292883.705
3 1422 3 0 1292883.706
3 1423 3 0 1292883.706
3 1424 3 0 1292883.707
3 1429 3 0 1292883.785
3 1433 3 0 1292883.79
3 1437 3 0 1292883.794
3 1438 3 0 1292883.796
3 1439 3 0 1292883.797
3 1440 3 0 1292883.797
3 1441 3 0 1292883.799
3 1442 3 0 1292883.806
3 1443 3 0 1292883.818
3 1444 3 0 1292883.82
3 1445 3 0 1292883.822
3 1447 3 0 1292883.823
3 1448 3 0 1292883.823
3 1449 3 0 1292883.823
3 1450 3 0 1292883.842
3 1451 3 0 1292884.128
3 1452 3 0 1292884.135
3 1453 3 0 1292884.142
3 1454 3 0 1292884.723
3 1455 3 0 1292884.725
3 1456 3 0 1292884.725
3 1458 3 0 1292884.726
3 1459 3 0 1292884.726
3 1460 3 0 1292884.727
3 1461 3 0 1292884.744
3 1465 3 0 1292884.896
3 1469 3 0 1292884.9
3 1473 3 0 1292884.905
3 1474 3 0 1292884.906
3 1475 3 0 1292884.907
3 1476 3 0 1292884.907
3 1481 3 0 1292884.99
3 1485 3 0 1292884.993
3 1489 3 0 1292884.999
3 1490 3 0 1292885
3 1491 3 0 1292885
3 1492 3 0 1292885.001
3 1493 3 0 1292885.003
3 1494 3 0 1292885.01
3 1495 3 0 1292885.023
3 1496 3 0 1292885.025
3 1497 3 0 1292885.027
3 1499 3 0 1292885.028
3 1500 3 0 1292885.028
3 1501 3 0 1292885.029
3 1502 3 0 1292885.047
3 1503 3 0 1292885.332
3 1504 3 0 1292885.338
3 1505 3 0 1292885.345
3 1506 3 0 1292885.927
3 1507 3 0 1292885.928
3 1508 3 0 1292885.928
3 1510 3 0 1292885.929
3 1511 3 0 1292885.929
3 1512 3 0 1292885.929
3 1513 3 0 1292885.947
3 1517 3 0 1292886.095
3 1521 3 0 1292886.099
3 1525 3 0 1292886.103
3 1526 3 0 1292886.104
3 1527 3 0 1292886.105
3 1528 3 0 1292886.105
3 1536 3 0 1292886.224
3 1544 3 0 1292886.433
3 1548 3 0 1292886.437
3 1552 3 0 1292886.441
3 1553 3 0 1292886.441
3 1554 3 0 1292886.442
3 1555 3 0 1292886.442
3 1560 3 0 1292886.463
3 1564 3 0 1292886.467
3 1568 3 0 1292886.471
3 1569 3 0 1292886.471
3 1570 3 0 1292886.472
3 1571 3 0 1292886.472
3 1583 3 0 1292886.58
3 1592 3 0 1292887.017
3 1593 3 0 1292887.018
3 1594 3 0 1292887.02
3 1599 3 0 1292887.043
3 1603 3 0 1292887.049
3 1607 3 0 1292887.053
3 1608 3 0 1292887.053
3 1609 3 0 1292887.054
3 1610 3 0 1292887.054
3 1615 3 0 1292887.075
3 1619 3 0 1292887.079
3 1623 3 0 1292887.083
3 1624 3 0 1292887.084
3 1625 3 0 1292887.084
3 1626 3 0 1292887.085
4 1000 4 0 1292874.486
4 1001 4 0 1292874.49
4 1002 4 0 1292874.536
4 1003 4 0 1292874.539
4 1004 4 0 1292874.542
4 1005 4 0 1292874.544
4 1006 4 0 1292874.546
4 1007 4 0 1292874.548
4 1008 4 0 1292874.601
4 1009 4 0 1292874.606
4 1010 4 0 1292874.657
4 1011 4 0 1292874.66
4 1012 4 0 1292874.663
4 1013 4 0 1292874.666
4 1014 4 0 1292874.668
4 1015 4 0 1292874.671
4 1016 4 0 1292874.721
4 1017 4 0 1292874.726
4 1018 4 0 1292874.774
4 1019 4 0 1292874.778
4 1020 4 0 1292874.781
4 1021 4 0 1292874.783
4 1022 4 0 1292874.786
4 1023 4 0 1292874.788
4 1024 4 0 1292874.792
4 1025 4 0 1292874.795
4 1026 4 0 1292874.832
4 1027 4 0 1292874.835
4 1028 4 0 1292874.838
4 1029 4 0 1292874.839
4 1030 4 0 1292874.842
4 1031 4 0 1292874.844
4 1040 4 0 1292875.131
4 1049 4 0 1292876.281
4 1050 4 0 1292876.283
4 1051 4 0 1292876.285
4 1055 4 0 1292876.296
4 1056 4 0 1292876.298
4 1059 4 0 1292876.301
4 1060 4 0 1292876.302
4 1063 4 0 1292876.305
4 1064 4 0 1292876.307
4 1065 4 0 1292876.308
4 1066 4 0 1292876.308
4 1067 4 0 1292876.309
4 1071 4 0 1292876.319
4 1072 4 0 1292876.321
4 1075 4 0 1292876.323
4 1076 4 0 1292876.324
4 1079 4 0 1292876.327
4 1080 4 0 1292876.328
4 1081 4 0 1292876.329
4 1082 4 0 1292876.33
4 1083 4 0 1292876.33
4 1100 4 0 1292876.402
4 1101 4 0 1292876.403
4 1102 4 0 1292876.404
4 1103 4 0 1292876.406
4 1104 4 0 1292876.414
4 1105 4 0 1292876.45
4 1106 4 0 1292876.717
4 1107 4 0 1292876.725
4 1108 4 0 1292876.732
4 1115 4 0 1292877.382
4 1122 4 0 1292877.531
4 1123 4 0 1292877.532
4 1124 4 0 1292877.532
4 1128 4 0 1292877.613
4 1129 4 0 1292877.614
4 1132 4 0 1292877.62
4 1133 4 0 1292877.621
4 1136 4 0 1292877.625
4 1137 4 0 1292877.627
4 1138 4 0 1292877.627
4 1139 4 0 1292877.628
4 1140 4 0 1292877.628
4 1141 4 0 1292877.631
4 1142 4 0 1292877.638
4 1143 4 0 1292877.651
4 1146 4 0 1292877.654
4 1147 4 0 1292877.655
4 1148 4 0 1292877.655
4 1149 4 0 1292877.656
4 1150 4 0 1292877.674
4 1151 4 0 1292877.943
4 1152 4 0 1292877.95
4 1153 4 0 1292877.959
4 1160 4 0 1292878.594
4 1163 4 0 1292878.596
4 1164 4 0 1292878.596
4 1165 4 0 1292878.596
4 1166 4 0 1292878.597
4 1167 4 0 1292878.614
4 1176 4 0 1292878.772
4 1177 4 0 1292878.773
4 1180 4 0 1292878.778
4 1181 4 0 1292878.779
4 1184 4 0 1292878.782
4 1185 4 0 1292878.783
4 1186 4 0 1292878.783
4 1187 4 0 1292878.784
4 1188 4 0 1292878.784
4 1192 4 0 1292878.861
4 1193 4 0 1292878.863
4 1196 4 0 1292878.867
4 1197 4 0 1292878.868
4 1200 4 0 1292878.871
4 1201 4 0 1292878.872
4 1202 4 0 1292878.874
4 1203 4 0 1292878.875
4 1204 4 0 1292878.875
4 1205 4 0 1292878.877
4 1206 4 0 1292878.884
4 1207 4 0 1292878.896
4 1210 4 0 1292878.901
4 1211 4 0 1292878.901
4 1212 4 0 1292878.902
4 1213 4 0 1292878.903
4 1214 4 0 1292878.921
4 1215 4 0 1292879.208
4 1216 4 0 1292879.212
4 1217 4 0 1292879.22
4 1218 4 0 1292879.811
4 1221 4 0 1292879.814
4 1222 4 0 1292879.814
4 1223 4 0 1292879.815
4 1224 4 0 1292879.815
4 1225 4 0 1292879.833
4 1228 4 0 1292879.98
4 1229 4 0 1292879.982
4 1232 4 0 1292879.985
4 1233 4 0 1292879.986
4 1236 4 0 1292879.989
4 1237 4 0 1292879.991
4 1238 4 0 1292879.992
4 1239 4 0 1292879.992
4 1240 4 0 1292879.992
4 1244 4 0 1292880.076
4 1245 4 0 1292880.078
4 1248 4 0 1292880.081
4 1249 4 0 1292880.082
4 1252 4 0 1292880.084
4 1253 4 0 1292880.085
4 1254 4 0 1292880.086
4 1255 4 0 1292880.086
4 1256 4 0 1292880.088
4 1257 4 0 1292880.089
4 1258 4 0 1292880.095
4 1259 4 0 1292880.108
4 1262 4 0 1292880.111
4 1263 4 0 1292880.112
4 1264 4 0 1292880.112
4 1265 4 0 1292880.113
4 1266 4 0 1292880.131
4 1267 4 0 1292880.417
4 1268 4 0 1292880.422
4 1269 4 0 1292880.43
4 1270 4 0 1292881.019
4 1273 4 0 1292881.022
4 1274 4 0 1292881.022
4 1275 4 0 1292881.022
4 1276 4 0 1292881.023
4 1277 4 0 1292881.04
4 1280 4 0 1292881.19
4 1281 4 0 1292881.191
4 1284 4 0 1292881.194
4 1285 4 0 1292881.195
4 1288 4 0 1292881.198
4 1289 4 0 1292881.2
4 1290 4 0 1292881.201
4 1291 4 0 1292881.201
4 1292 4 0 1292881.202
4 1300 4 0 1292881.318
4 1307 4 0 1292881.532
4 1308 4 0 1292881.534
4 1311 4 0 1292881.536
4 1312 4 0 1292881.538
4 1315 4 0 1292881.541
4 1316 4 0 1292881.542
4 1317 4 0 1292881.544
4 1318 4 0 1292881.544
4 1319 4 0 1292881.544
4 1323 4 0 1292881.565
4 1324 4 0 1292881.566
4 1327 4 0 1292881.574
4 1328 4 0 1292881.575
4 1331 4 0 1292881.578
4 1332 4 0 1292881.579
4 1333 4 0 1292881.579
4 1334 4 0 1292881.58
4 1335 4 0 1292881.58
4 1341 4 0 1292881.621
4 1342 4 0 1292881.624
4 1343 4 0 1292881.658
4 1344 4 0 1292881.662
4 1345 4 0 1292881.665
4 1346 4 0 1292881.668
4 1347 4 0 1292881.671
4 1348 4 0 1292881.673
4 1350 4 0 1292881.701
4 1353 4 0 1292881.704
4 1354 4 0 1292881.704
4 1355 4 0 1292881.705
4 1356 4 0 1292881.705
4 1357 4 0 1292881.729
4 1364 4 0 1292882.565
4 1365 4 0 1292882.567
4 1368 4 0 1292882.57
4 1369 4 0 1292882.571
4 1372 4 0 1292882.574
4 1373 4 0 1292882.575
4 1374 4 0 1292882.576
4 1375 4 0 1292882.577
4 1376 4 0 1292882.578
4 1377 4 0 1292882.581
4 1378 4 0 1292882.589
4 1379 4 0 1292882.603
4 1382 4 0 1292882.606
4 1383 4 0 1292882.606
4 1384 4 0 1292882.606
4 1385 4 0 1292882.607
4 1386 4 0 1292882.624
4 1387 4 0 1292882.888
4 1388 4 0 1292882.893
4 1389 4 0 1292882.902
4 1396 4 0 1292883.522
4 1399 4 0 1292883.524
4 1400 4 0 1292883.524
4 1401 4 0 1292883.525
4 1402 4 0 1292883.525
4 1403 4 0 1292883.542
4 1412 4 0 1292883.694
4 1413 4 0 1292883.695
4 1416 4 0 1292883.699
4 1417 4 0 1292883.7
4 1420 4 0 1292883.703
4 1421 4 0 1292883.704
4 1422 4 0 1292883.706
4 1423 4 0 1292883.706
4 1424 4 0 1292883.707
4 1428 4 0 1292883.784
4 1429 4 0 1292883.785
4 1432 4 0 1292883.788
4 1433 4 0 1292883.789
4 1436 4 0 1292883.792
4 1437 4 0 1292883.794
4 1438 4 0 1292883.796
4 1439 4 0 1292883.796
4 1440 4 0 1292883.797
4 1441 4 0 1292883.799
4 1442 4 0 1292883.806
4 1443 4 0 1292883.819
4 1446 4 0 1292883.822
4 1447 4 0 1292883.822
4 1448 4 0 1292883.823
4 1449 4 0 1292883.823
4 1450 4 0 1292883.841
4 1451 4 0 1292884.129
4 1452 4 0 1292884.133
4 1453 4 0 1292884.142
4 1454 4 0 1292884.723
4 1457 4 0 1292884.726
4 1458 4 0 1292884.726
4 1459 4 0 1292884.727
4 1460 4 0 1292884.727
4 1461 4 0 1292884.744
4 1464 4 0 1292884.893
4 1465 4 0 1292884.895
4 1468 4 0 1292884.898
4 1469 4 0 1292884.899
4 1472 4 0 1292884.904
4 1473 4 0 1292884.905
4 1474 4 0 1292884.906
4 1475 4 0 1292884.907
4 1476 4 0 1292884.907
4 1480 4 0 1292884.987
4 1481 4 0 1292884.989
4 1484 4 0 1292884.992
4 1485 4 0 1292884.994
4 1488 4 0 1292884.996
4 1489 4 0 1292884.997
4 1490 4 0 1292885
4 1491 4 0 1292885
4 1492 4 0 1292885.001
4 1493 4 0 1292885.003
4 1494 4 0 1292885.01
4 1495 4 0 1292885.023
4 1498 4 0 1292885.027
4 1499 4 0 1292885.028
4 1500 4 0 1292885.028
4 1501 4 0 1292885.029
4 1502 4 0 1292885.047
4 1503 4 0 1292885.332
4 1504 4 0 1292885.337
4 1505 4 0 1292885.345
4 1506 4 0 1292885.927
4 1509 4 0 1292885.928
4 1510 4 0 1292885.929
4 1511 4 0 1292885.929
4 1512 4 0 1292885.93
4 1513 4 0 1292885.947
4 1516 4 0 1292886.093
4 1517 4 0 1292886.094
4 1520 4 0 1292886.098
4 1521 4 0 1292886.099
4 1524 4 0 1292886.102
4 1525 4 0 1292886.103
4 1526 4 0 1292886.104
4 1527 4 0 1292886.104
4 1528 4 0 1292886.105
4 1536 4 0 1292886.22
4 1543 4 0 1292886.431
4 1544 4 0 1292886.432
4 1547 4 0 1292886.435
4 1548 4 0 1292886.436
4 1551 4 0 1292886.439
4 1552 4 0 1292886.44
4 1553 4 0 1292886.441
4 1554 4 0 1292886.441
4 1555 4 0 1292886.442
4 1559 4 0 1292886.462
4 1560 4 0 1292886.464
4 1563 4 0 1292886.466
4 1564 4 0 1292886.467
4 1567 4 0 1292886.469
4 1568 4 0 1292886.47
4 1569 4 0 1292886.471
4 1570 4 0 1292886.471
4 1571 4 0 1292886.472
4 1583 4 0 1292886.572
4 1592 4 0 1292887.017
4 1593 4 0 1292887.018
4 1594 4 0 1292887.02
4 1598 4 0 1292887.041
4 1599 4 0 1292887.042
4 1602 4 0 1292887.047
4 1603 4 0 1292887.048
4 1606 4 0 1292887.051
4 1607 4 0 1292887.053
4 1608 4 0 1292887.053
4 1609 4 0 1292887.054
4 1610 4 0 1292887.054
4 1614 4 0 1292887.075
4 1615 4 0 1292887.076
4 1618 4 0 1292887.079
4 1619 4 0 1292887.079
4 1622 4 0 1292887.082
4 1623 4 0 1292887.083
4 1624 4 0 1292887.084
4 1625 4 0 1292887.084
4 1626 4 0 1292887.085
5 1000 5 0 1292874.486
5 1001 5 0 1292874.49
5 1002 5 0 1292874.537
5 1003 5 0 1292874.539
5 1004 5 0 1292874.542
5 1005 5 0 1292874.544
5 1006 5 0 1292874.546
5 1007 5 0 1292874.548
5 1008 5 0 1292874.601
5 1009 5 0 1292874.606
5 1010 5 0 1292874.657
5 1011 5 0 1292874.66
5 1012 5 0 1292874.663
5 1013 5 0 1292874.666
5 1014 5 0 1292874.668
5 1015 5 0 1292874.671
5 1016 5 0 1292874.721
5 1017 5 0 1292874.726
5 1018 5 0 1292874.774
5 1019 5 0 1292874.778
5 1020 5 0 1292874.781
5 1021 5 0 1292874.783
5 1022 5 0 1292874.786
5 1023 5 0 1292874.788
5 1024 5 0 1292874.792
5 1025 5 0 1292874.795
5 1026 5 0 1292874.832
5 1027 5 0 1292874.836
5 1028 5 0 1292874.838
5 1029 5 0 1292874.84
5 1030 5 0 1292874.842
5 1031 5 0 1292874.844
5 1040 5 0 1292875.13
5 1049 5 0 1292876.281
5 1050 5 0 1292876.283
5 1051 5 0 1292876.285
5 1055 5 0 1292876.296
5 1056 5 0 1292876.298
5 1059 5 0 1292876.301
5 1060 5 0 1292876.303
5 1063 5 0 1292876.305
5 1064 5 0 1292876.306
5 1065 5 0 1292876.308
5 1066 5 0 1292876.308
5 1067 5 0 1292876.309
5 1071 5 0 1292876.32
5 1072 5 0 1292876.321
5 1075 5 0 1292876.323
5 1076 5 0 1292876.325
5 1079 5 0 1292876.327
5 1080 5 0 1292876.328
5 1081 5 0 1292876.329
5 1082 5 0 1292876.33
5 1083 5 0 1292876.331
5 1100 5 0 1292876.402
5 1101 5 0 1292876.403
5 1102 5 0 1292876.404
5 1103 5 0 1292876.406
5 1104 5 0 1292876.414
5 1105 5 0 1292876.449
5 1106 5 0 1292876.716
5 1107 5 0 1292876.725
5 1108 5 0 1292876.732
5 1112 5 0 1292877.33
5 1115 5 0 1292877.382
5 1119 5 0 1292877.528
5 1122 5 0 1292877.531
5 1123 5 0 1292877.532
5 1124 5 0 1292877.532
5 1128 5 0 1292877.613
5 1129 5 0 1292877.616
5 1132 5 0 1292877.62
5 1133 5 0 1292877.621
5 1136 5 0 1292877.624
5 1137 5 0 1292877.627
5 1138 5 0 1292877.627
5 1139 5 0 1292877.628
5 1140 5 0 1292877.629
5 1141 5 0 1292877.631
5 1142 5 0 1292877.638
5 1143 5 0 1292877.651
5 1144 5 0 1292877.652
5 1146 5 0 1292877.654
5 1147 5 0 1292877.655
5 1148 5 0 1292877.655
5 1149 5 0 1292877.656
5 1150 5 0 1292877.674
5 1151 5 0 1292877.943
5 1152 5 0 1292877.952
5 1153 5 0 1292877.959
5 1157 5 0 1292878.572
5 1160 5 0 1292878.594
5 1161 5 0 1292878.595
5 1163 5 0 1292878.596
5 1164 5 0 1292878.596
5 1165 5 0 1292878.596
5 1166 5 0 1292878.597
5 1167 5 0 1292878.614
5 1171 5 0 1292878.764
5 1176 5 0 1292878.772
5 1177 5 0 1292878.774
5 1180 5 0 1292878.778
5 1181 5 0 1292878.779
5 1184 5 0 1292878.781
5 1185 5 0 1292878.783
5 1186 5 0 1292878.783
5 1187 5 0 1292878.784
5 1188 5 0 1292878.785
5 1192 5 0 1292878.862
5 1193 5 0 1292878.864
5 1196 5 0 1292878.867
5 1197 5 0 1292878.868
5 1200 5 0 1292878.87
5 1201 5 0 1292878.873
5 1202 5 0 1292878.874
5 1203 5 0 1292878.875
5 1204 5 0 1292878.875
5 1205 5 0 1292878.877
5 1206 5 0 1292878.884
5 1207 5 0 1292878.896
5 1208 5 0 1292878.899
5 1210 5 0 1292878.901
5 1211 5 0 1292878.902
5 1212 5 0 1292878.902
5 1213 5 0 1292878.903
5 1214 5 0 1292878.921
5 1215 5 0 1292879.207
5 1216 5 0 1292879.216
5 1217 5 0 1292879.22
5 1218 5 0 1292879.811
5 1219 5 0 1292879.812
5 1221 5 0 1292879.814
5 1222 5 0 1292879.815
5 1223 5 0 1292879.815
5 1224 5 0 1292879.815
5 1225 5 0 1292879.833
5 1228 5 0 1292879.981
5 1229 5 0 1292879.982
5 1232 5 0 1292879.986
5 1233 5 0 1292879.987
5 1236 5 0 1292879.989
5 1237 5 0 1292879.99
5 1238 5 0 1292879.992
5 1239 5 0 1292879.992
5 1240 5 0 1292879.993
5 1244 5 0 1292880.077
5 1245 5 0 1292880.078
5 1248 5 0 1292880.081
5 1249 5 0 1292880.082
5 1252 5 0 1292880.084
5 1253 5 0 1292880.086
5 1254 5 0 1292880.086
5 1255 5 0 1292880.087
5 1256 5 0 1292880.088
5 1257 5 0 1292880.089
5 1258 5 0 1292880.095
5 1259 5 0 1292880.108
5 1260 5 0 1292880.11
5 1262 5 0 1292880.111
5 1263 5 0 1292880.112
5 1264 5 0 1292880.112
5 1265 5 0 1292880.113
5 1266 5 0 1292880.131
5 1267 5 0 1292880.417
5 1268 5 0 1292880.425
5 1269 5 0 1292880.43
5 1270 5 0 1292881.019
5 1271 5 0 1292881.02
5 1273 5 0 1292881.022
5 1274 5 0 1292881.022
5 1275 5 0 1292881.022
5 1276 5 0 1292881.023
5 1277 5 0 1292881.04
5 1280 5 0 1292881.19
5 1281 5 0 1292881.191
5 1284 5 0 1292881.194
5 1285 5 0 1292881.195
5 1288 5 0 1292881.197
5 1289 5 0 1292881.199
5 1290 5 0 1292881.201
5 1291 5 0 1292881.201
5 1292 5 0 1292881.202
5 1300 5 0 1292881.321
5 1307 5 0 1292881.533
5 1308 5 0 1292881.534
5 1311 5 0 1292881.537
5 1312 5 0 1292881.538
5 1315 5 0 1292881.541
5 1316 5 0 1292881.542
5 1317 5 0 1292881.544
5 1318 5 0 1292881.544
5 1319 5 0 1292881.545
5 1323 5 0 1292881.566
5 1324 5 0 1292881.567
5 1327 5 0 1292881.574
5 1328 5 0 1292881.575
5 1331 5 0 1292881.577
5 1332 5 0 1292881.579
5 1333 5 0 1292881.579
5 1334 5 0 1292881.58
5 1335 5 0 1292881.581
5 1341 5 0 1292881.621
5 1342 5 0 1292881.624
5 1343 5 0 1292881.658
5 1344 5 0 1292881.662
5 1345 5 0 1292881.665
5 1346 5 0 1292881.668
5 1347 5 0 1292881.671
5 1348 5 0 1292881.673
5 1350 5 0 1292881.701
5 1351 5 0 1292881.702
5 1353 5 0 1292881.704
5 1354 5 0 1292881.704
5 1355 5 0 1292881.705
5 1356 5 0 1292881.706
5 1357 5 0 1292881.729
5 1364 5 0 1292882.566
5 1365 5 0 1292882.567
5 1368 5 0 1292882.57
5 1369 5 0 1292882.572
5 1372 5 0 1292882.574
5 1373 5 0 1292882.575
5 1374 5 0 1292882.576
5 1375 5 0 1292882.577
5 1376 5 0 1292882.578
5 1377 5 0 1292882.581
5 1378 5 0 1292882.589
5 1379 5 0 1292882.603
5 1380 5 0 1292882.605
5 1382 5 0 1292882.606
5 1383 5 0 1292882.606
5 1384 5 0 1292882.606
5 1385 5 0 1292882.607
5 1386 5 0 1292882.624
5 1387 5 0 1292882.888
5 1388 5 0 1292882.895
5 1389 5 0 1292882.902
5 1393 5 0 1292883.495
5 1396 5 0 1292883.522
5 1397 5 0 1292883.523
5 1399 5 0 1292883.524
5 1400 5 0 1292883.524
5 1401 5 0 1292883.525
5 1402 5 0 1292883.525
5 1403 5 0 1292883.542
5 1407 5 0 1292883.687
5 1412 5 0 1292883.695
5 1413 5 0 1292883.696
5 1416 5 0 1292883.699
5 1417 5 0 1292883.701
5 1420 5 0 1292883.702
5 1421 5 0 1292883.704
5 1422 5 0 1292883.706
5 1423 5 0 1292883.706
5 1424 5 0 1292883.707
5 1428 5 0 1292883.784
5 1429 5 0 1292883.786
5 1432 5 0 1292883.788
5 1433 5 0 1292883.789
5 1436 5 0 1292883.792
5 1437 5 0 1292883.793
5 1438 5 0 1292883.796
5 1439 5 0 1292883.797
5 1440 5 0 1292883.797
5 1441 5 0 1292883.799
5 1442 5 0 1292883.806
5 1443 5 0 1292883.818
5 1444 5 0 1292883.82
5 1446 5 0 1292883.822
5 1447 5 0 1292883.822
5 1448 5 0 1292883.823
5 1449 5 0 1292883.823
5 1450 5 0 1292883.841
5 1451 5 0 1292884.129
5 1452 5 0 1292884.136
5 1453 5 0 1292884.142
5 1454 5 0 1292884.723
5 1455 5 0 1292884.724
5 1457 5 0 1292884.726
5 1458 5 0 1292884.726
5 1459 5 0 1292884.727
5 1460 5 0 1292884.727
5 1461 5 0 1292884.744
5 1464 5 0 1292884.894
5 1465 5 0 1292884.895
5 1468 5 0 1292884.898
5 1469 5 0 1292884.899
5 1472 5 0 1292884.902
5 1473 5 0 1292884.906
5 1474 5 0 1292884.906
5 1475 5 0 1292884.907
5 1476 5 0 1292884.908
5 1480 5 0 1292884.988
5 1481 5 0 1292884.99
5 1484 5 0 1292884.993
5 1485 5 0 1292884.994
5 1488 5 0 1292884.996
5 1489 5 0 1292884.997
5 1490 5 0 1292885
5 1491 5 0 1292885
5 1492 5 0 1292885.001
5 1493 5 0 1292885.003
5 1494 5 0 1292885.01
5 1495 5 0 1292885.023
5 1496 5 0 1292885.026
5 1498 5 0 1292885.028
5 1499 5 0 1292885.028
5 1500 5 0 1292885.028
5 1501 5 0 1292885.029
5 1502 5 0 1292885.047
5 1503 5 0 1292885.332
5 1504 5 0 1292885.34
5 1505 5 0 1292885.345
5 1506 5 0 1292885.927
5 1507 5 0 1292885.927
5 1509 5 0 1292885.928
5 1510 5 0 1292885.929
5 1511 5 0 1292885.929
5 1512 5 0 1292885.93
5 1513 5 0 1292885.947
5 1516 5 0 1292886.094
5 1517 5 0 1292886.095
5 1520 5 0 1292886.098
5 1521 5 0 1292886.099
5 1524 5 0 1292886.102
5 1525 5 0 1292886.103
5 1526 5 0 1292886.104
5 1527 5 0 1292886.105
5 1528 5 0 1292886.105
5 1536 5 0 1292886.223
5 1543 5 0 1292886.431
5 1544 5 0 1292886.432
5 1547 5 0 1292886.436
5 1548 5 0 1292886.437
5 1551 5 0 1292886.439
5 1552 5 0 1292886.44
5 1553 5 0 1292886.441
5 1554 5 0 1292886.442
5 1555 5 0 1292886.442
5 1559 5 0 1292886.463
5 1560 5 0 1292886.464
5 1563 5 0 1292886.466
5 1564 5 0 1292886.467
5 1567 5 0 1292886.469
5 1568 5 0 1292886.47
5 1569 5 0 1292886.471
5 1570 5 0 1292886.472
5 1571 5 0 1292886.472
5 1583 5 0 1292886.58
5 1592 5 0 1292887.017
5 1593 5 0 1292887.018
5 1594 5 0 1292887.02
5 1598 5 0 1292887.041
5 1599 5 0 1292887.043
5 1602 5 0 1292887.047
5 1603 5 0 1292887.048
5 1606 5 0 1292887.05
5 1607 5 0 1292887.052
5 1608 5 0 1292887.053
5 1609 5 0 1292887.054
5 1610 5 0 1292887.054
5 1614 5 0 1292887.075
5 1615 5 0 1292887.076
5 1618 5 0 1292887.079
5 1619 5 0 1292887.08
5 1622 5 0 1292887.082
5 1623 5 0 1292887.083
5 1624 5 0 1292887.084
5 1625 5 0 1292887.084
5 1626 5 0 1292887.085
6 1000 6 0 1292874.486
6 1001 6 0 1292874.49
6 1002 6 0 1292874.537
6 1003 6 0 1292874.539
6 1004 6 0 1292874.542
6 1005 6 0 1292874.544
6 1006 6 0 1292874.546
6 1007 6 0 1292874.548
6 1008 6 0 1292874.601
6 1009 6 0 1292874.606
6 1010 6 0 1292874.657
6 1011 6 0 1292874.66
6 1012 6 0 1292874.663
6 1013 6 0 1292874.666
6 1014 6 0 1292874.668
6 1015 6 0 1292874.671
6 1016 6 0 1292874.721
6 1017 6 0 1292874.726
6 1018 6 0 1292874.774
6 1019 6 0 1292874.778
6 1020 6 0 1292874.781
6 1021 6 0 1292874.783
6 1022 6 0 1292874.786
6 1023 6 0 1292874.788
6 1024 6 0 1292874.792
6 1025 6 0 1292874.795
6 1026 6 0 1292874.832
6 1027 6 0 1292874.836
6 1028 6 0 1292874.838
6 1029 6 0 1292874.84
6 1030 6 0 1292874.842
6 1031 6 0 1292874.844
6 1040 6 0 1292875.128
6 1049 6 0 1292876.281
6 1050 6 0 1292876.283
6 1051 6 0 1292876.285
6 1056 6 0 1292876.297
6 1060 6 0 1292876.302
6 1064 6 0 1292876.306
6 1065 6 0 1292876.307
6 1066 6 0 1292876.308
6 1067 6 0 1292876.309
6 1072 6 0 1292876.32
6 1076 6 0 1292876.324
6 1080 6 0 1292876.327
6 1081 6 0 1292876.329
6 1082 6 0 1292876.33
6 1083 6 0 1292876.331
6 1100 6 0 1292876.401
6 1101 6 0 1292876.404
6 1102 6 0 1292876.404
6 1103 6 0 1292876.406
6 1104 6 0 1292876.414
6 1105 6 0 1292876.45
6 1106 6 0 1292876.716
6 1107 6 0 1292876.725
6 1108 6 0 1292876.732
6 1110 6 0 1292877.322
6 1115 6 0 1292877.382
6 1117 6 0 1292877.526
6 1122 6 0 1292877.531
6 1123 6 0 1292877.532
6 1124 6 0 1292877.532
6 1129 6 0 1292877.614
6 1133 6 0 1292877.621
6 1137 6 0 1292877.626
6 1138 6 0 1292877.627
6 1139 6 0 1292877.628
6 1140 6 0 1292877.629
6 1141 6 0 1292877.631
6 1142 6 0 1292877.638
6 1143 6 0 1292877.651
6 1145 6 0 1292877.654
6 1146 6 0 1292877.655
6 1147 6 0 1292877.655
6 1148 6 0 1292877.655
6 1149 6 0 1292877.656
6 1150 6 0 1292877.674
6 1151 6 0 1292877.944
6 1152 6 0 1292877.951
6 1153 6 0 1292877.959
6 1155 6 0 1292878.563
6 1160 6 0 1292878.594
6 1162 6 0 1292878.595
6 1163 6 0 1292878.596
6 1164 6 0 1292878.596
6 1165 6 0 1292878.596
6 1166 6 0 1292878.597
6 1167 6 0 1292878.614
6 1169 6 0 1292878.763
6 1177 6 0 1292878.773
6 1181 6 0 1292878.779
6 1185 6 0 1292878.782
6 1186 6 0 1292878.783
6 1187 6 0 1292878.784
6 1188 6 0 1292878.784
6 1193 6 0 1292878.862
6 1197 6 0 1292878.868
6 1201 6 0 1292878.872
6 1202 6 0 1292878.874
6 1203 6 0 1292878.875
6 1204 6 0 1292878.875
6 1205 6 0 1292878.877
6 1206 6 0 1292878.884
6 1207 6 0 1292878.895
6 1209 6 0 1292878.9
6 1210 6 0 1292878.901
6 1211 6 0 1292878.902
6 1212 6 0 1292878.902
6 1213 6 0 1292878.903
6 1214 6 0 1292878.921
6 1215 6 0 1292879.208
6 1216 6 0 1292879.214
6 1217 6 0 1292879.22
6 1218 6 0 1292879.811
6 1220 6 0 1292879.814
6 1221 6 0 1292879.814
6 1222 6 0 1292879.815
6 1223 6 0 1292879.815
6 1224 6 0 1292879.815
6 1225 6 0 1292879.833
6 1229 6 0 1292879.981
6 1233 6 0 1292879.986
6 1237 6 0 1292879.989
6 1238 6 0 1292879.991
6 1239 6 0 1292879.992
6 1240 6 0 1292879.993
6 1245 6 0 1292880.077
6 1249 6 0 1292880.082
6 1253 6 0 1292880.085
6 1254 6 0 1292880.086
6 1255 6 0 1292880.087
6 1256 6 0 1292880.088
6 1257 6 0 1292880.089
6 1258 6 0 1292880.095
6 1259 6 0 1292880.108
6 1261 6 0 1292880.111
6 1262 6 0 1292880.111
6 1263 6 0 1292880.112
6 1264 6 0 1292880.112
6 1265 6 0 1292880.113
6 1266 6 0 1292880.131
6 1267 6 0 1292880.417
6 1268 6 0 1292880.424
6 1269 6 0 1292880.43
6 1270 6 0 1292881.019
6 1272 6 0 1292881.021
6 1273 6 0 1292881.022
6 1274 6 0 1292881.022
6 1275 6 0 1292881.022
6 1276 6 0 1292881.023
6 1277 6 0 1292881.04
6 1281 6 0 1292881.191
6 1285 6 0 1292881.194
6 1289 6 0 1292881.199
6 1290 6 0 1292881.201
6 1291 6 0 1292881.201
6 1292 6 0 1292881.202
6 1300 6 0 1292881.326
6 1308 6 0 1292881.533
6 1312 6 0 1292881.537
6 1316 6 0 1292881.542
6 1317 6 0 1292881.543
6 1318 6 0 1292881.544
6 1319 6 0 1292881.544
6 1324 6 0 1292881.566
6 1328 6 0 1292881.575
6 1332 6 0 1292881.578
6 1333 6 0 1292881.579
6 1334 6 0 1292881.58
6 1335 6 0 1292881.581
6 1341 6 0 1292881.621
6 1342 6 0 1292881.624
6 1343 6 0 1292881.658
6 1344 6 0 1292881.662
6 1345 6 0 1292881.665
6 1346 6 0 1292881.668
6 1347 6 0 1292881.671
6 1348 6 0 1292881.673
6 1350 6 0 1292881.701
6 1352 6 0 1292881.703
6 1353 6 0 1292881.704
6 1354 6 0 1292881.704
6 1355 6 0 1292881.705
6 1356 6 0 1292881.706
6 1357 6 0 1292881.729
6 1365 6 0 1292882.567
6 1369 6 0 1292882.571
6 1373 6 0 1292882.575
6 1374 6 0 1292882.576
6 1375 6 0 1292882.577
6 1376 6 0 1292882.579
6 1377 6 0 1292882.581
6 1378 6 0 1292882.589
6 1379 6 0 1292882.603
6 1381 6 0 1292882.605
6 1382 6 0 1292882.606
6 1383 6 0 1292882.606
6 1384 6 0 1292882.606
6 1385 6 0 1292882.607
6 1386 6 0 1292882.624
6 1387 6 0 1292882.889
6 1388 6 0 1292882.894
6 1389 6 0 1292882.902
6 1391 6 0 1292883.486
6 1396 6 0 1292883.522
6 1398 6 0 1292883.524
6 1399 6 0 1292883.524
6 1400 6 0 1292883.525
6 1401 6 0 1292883.525
6 1402 6 0 1292883.525
6 1403 6 0 1292883.543
6 1405 6 0 1292883.687
6 1413 6 0 1292883.695
6 1417 6 0 1292883.7
6 1421 6 0 1292883.703
6 1422 6 0 1292883.706
6 1423 6 0 1292883.706
6 1424 6 0 1292883.707
6 1429 6 0 1292883.784
6 1433 6 0 1292883.789
6 1437 6 0 1292883.793
6 1438 6 0 1292883.796
6 1439 6 0 1292883.797
6 1440 6 0 1292883.797
6 1441 6 0 1292883.799
6 1442 6 0 1292883.806
6 1443 6 0 1292883.818
6 1445 6 0 1292883.821
6 1446 6 0 1292883.822
6 1447 6 0 1292883.822
6 1448 6 0 1292883.823
6 1449 6 0 1292883.823
6 1450 6 0 1292883.842
6 1451 6 0 1292884.129
6 1452 6 0 1292884.135
6 1453 6 0 1292884.142
6 1454 6 0 1292884.724
6 1456 6 0 1292884.725
6 1457 6 0 1292884.726
6 1458 6 0 1292884.726
6 1459 6 0 1292884.727
6 1460 6 0 1292884.727
6 1461 6 0 1292884.745
6 1465 6 0 1292884.895
6 1469 6 0 1292884.899
6 1473 6 0 1292884.904
6 1474 6 0 1292884.906
6 1475 6 0 1292884.907
6 1476 6 0 1292884.907
6 1481 6 0 1292884.989
6 1485 6 0 1292884.993
6 1489 6 0 1292884.997
6 1490 6 0 1292885
6 1491 6 0 1292885
6 1492 6 0 1292885.001
6 1493 6 0 1292885.002
6 1494 6 0 1292885.01
6 1495 6 0 1292885.022
6 1497 6 0 1292885.027
6 1498 6 0 1292885.028
6 1499 6 0 1292885.028
6 1500 6 0 1292885.028
6 1501 6 0 1292885.029
6 1502 6 0 1292885.047
6 1503 6 0 1292885.332
6 1504 6 0 1292885.338
6 1505 6 0 1292885.346
6 1506 6 0 1292885.927
6 1508 6 0 1292885.928
6 1509 6 0 1292885.928
6 1510 6 0 1292885.929
6 1511 6 0 1292885.929
6 1512 6 0 1292885.93
6 1513 6 0 1292885.947
6 1517 6 0 1292886.094
6 1521 6 0 1292886.098
6 1525 6 0 1292886.103
6 1526 6 0 1292886.104
6 1527 6 0 1292886.104
6 1528 6 0 1292886.105
6 1536 6 0 1292886.223
6 1544 6 0 1292886.432
6 1548 6 0 1292886.436
6 1552 6 0 1292886.44
6 1553 6 0 1292886.441
6 1554 6 0 1292886.442
6 1555 6 0 1292886.442
6 1560 6 0 1292886.463
6 1564 6 0 1292886.467
6 1568 6 0 1292886.47
6 1569 6 0 1292886.471
6 1570 6 0 1292886.472
6 1571 6 0 1292886.472
6 1583 6 0 1292886.576
6 1592 6 0 1292887.017
6 1593 6 0 1292887.018
6 1594 6 0 1292887.02
6 1599 6 0 1292887.042
6 1603 6 0 1292887.048
6 1607 6 0 1292887.051
6 1608 6 0 1292887.053
6 1609 6 0 1292887.054
6 1610 6 0 1292887.054
6 1615 6 0 1292887.075
6 1619 6 0 1292887.079
6 1623 6 0 1292887.082
6 1624 6 0 1292887.084
6 1625 6 0 1292887.084
6 1626 6 0 1292887.085
7 1000 7 0 1292874.486
7 1001 7 0 1292874.49
7 1002 7 0 1292874.537
7 1003 7 0 1292874.539
7 1004 7 0 1292874.542
7 1005 7 0 1292874.544
7 1006 7 0 1292874.546
7 1007 7 0 1292874.548
7 1008 7 0 1292874.601
7 1009 7 0 1292874.606
7 1010 7 0 1292874.657
7 1011 7 0 1292874.66
7 1012 7 0 1292874.663
7 1013 7 0 1292874.666
7 1014 7 0 1292874.669
7 1015 7 0 1292874.671
7 1016 7 0 1292874.721
7 1017 7 0 1292874.726
7 1018 7 0 1292874.774
7 1019 7 0 1292874.778
7 1020 7 0 1292874.781
7 1021 7 0 1292874.783
7 1022 7 0 1292874.786
7 1023 7 0 1292874.788
7 1024 7 0 1292874.792
7 1025 7 0 1292874.795
7 1026 7 0 1292874.832
7 1027 7 0 1292874.836
7 1028 7 0 1292874.838
7 1029 7 0 1292874.84
7 1030 7 0 1292874.842
7 1031 7 0 1292874.844
7 1032 7 0 1292874.932
7 1034 7 0 1292874.945
7 1036 7 0 1292874.948
7 1038 7 0 1292874.952
7 1040 7 0 1292875.125
7 1049 7 0 1292876.281
7 1050 7 0 1292876.283
7 1051 7 0 1292876.285
7 1056 7 0 1292876.295
7 1060 7 0 1292876.301
7 1064 7 0 1292876.305
7 1065 7 0 1292876.308
7 1066 7 0 1292876.309
7 1067 7 0 1292876.309
7 1072 7 0 1292876.319
7 1076 7 0 1292876.323
7 1080 7 0 1292876.326
7 1081 7 0 1292876.329
7 1082 7 0 1292876.33
7 1083 7 0 1292876.331
7 1100 7 0 1292876.401
7 1101 7 0 1292876.403
7 1102 7 0 1292876.404
7 1103 7 0 1292876.406
7 1104 7 0 1292876.414
7 1105 7 0 1292876.45
7 1106 7 0 1292876.716
7 1107 7 0 1292876.726
7 1108 7 0 1292876.732
7 1109 7 0 1292877.32
7 1110 7 0 1292877.322
7 1111 7 0 1292877.33
7 1112 7 0 1292877.331
7 1113 7 0 1292877.337
7 1114 7 0 1292877.348
7 1115 7 0 1292877.382
7 1116 7 0 1292877.526
7 1117 7 0 1292877.527
7 1118 7 0 1292877.528
7 1119 7 0 1292877.53
7 1120 7 0 1292877.53
7 1121 7 0 1292877.531
7 1122 7 0 1292877.531
7 1123 7 0 1292877.532
7 1124 7 0 1292877.533
7 1129 7 0 1292877.612
7 1133 7 0 1292877.62
7 1137 7 0 1292877.624
7 1138 7 0 1292877.628
7 1139 7 0 1292877.628
7 1140 7 0 1292877.629
7 1141 7 0 1292877.631
7 1142 7 0 1292877.638
7 1143 7 0 1292877.651
7 1144 7 0 1292877.653
7 1145 7 0 1292877.654
7 1146 7 0 1292877.655
7 1147 7 0 1292877.655
7 1148 7 0 1292877.655
7 1149 7 0 1292877.656
7 1150 7 0 1292877.674
7 1151 7 0 1292877.944
7 1152 7 0 1292877.952
7 1153 7 0 1292877.959
7 1154 7 0 1292878.555
7 1155 7 0 1292878.563
7 1156 7 0 1292878.572
7 1157 7 0 1292878.572
7 1158 7 0 1292878.581
7 1159 7 0 1292878.583
7 1160 7 0 1292878.594
7 1161 7 0 1292878.595
7 1162 7 0 1292878.595
7 1163 7 0 1292878.596
7 1164 7 0 1292878.596
7 1165 7 0 1292878.596
7 1166 7 0 1292878.597
7 1167 7 0 1292878.614
7 1168 7 0 1292878.763
7 1169 7 0 1292878.763
7 1170 7 0 1292878.764
7 1171 7 0 1292878.765
7 1172 7 0 1292878.766
7 1173 7 0 1292878.766
7 1177 7 0 1292878.771
7 1181 7 0 1292878.778
7 1185 7 0 1292878.781
7 1186 7 0 1292878.784
7 1187 7 0 1292878.784
7 1188 7 0 1292878.785
7 1193 7 0 1292878.86
7 1197 7 0 1292878.866
7 1201 7 0 1292878.87
7 1202 7 0 1292878.874
7 1203 7 0 1292878.875
7 1204 7 0 1292878.875
7 1205 7 0 1292878.877
7 1206 7 0 1292878.884
7 1207 7 0 1292878.896
7 1208 7 0 1292878.899
7 1209 7 0 1292878.9
7 1210 7 0 1292878.901
7 1211 7 0 1292878.902
7 1212 7 0 1292878.902
7 1213 7 0 1292878.903
7 1214 7 0 1292878.921
7 1215 7 0 1292879.208
7 1216 7 0 1292879.215
7 1217 7 0 1292879.22
7 1218 7 0 1292879.811
7 1219 7 0 1292879.812
7 1220 7 0 1292879.814
7 1221 7 0 1292879.814
7 1222 7 0 1292879.815
7 1223 7 0 1292879.815
7 1224 7 0 1292879.816
7 1225 7 0 1292879.833
7 1229 7 0 1292879.979
7 1233 7 0 1292879.985
7 1237 7 0 1292879.989
7 1238 7 0 1292879.991
7 1239 7 0 1292879.992
7 1240 7 0 1292879.993
7 1245 7 0 1292880.076
7 1249 7 0 1292880.08
7 1253 7 0 1292880.084
7 1254 7 0 1292880.086
7 1255 7 0 1292880.087
7 1256 7 0 1292880.088
7 1257 7 0 1292880.089
7 1258 7 0 1292880.095
7 1259 7 0 1292880.107
7 1260 7 0 1292880.11
7 1261 7 0 1292880.111
7 1262 7 0 1292880.112
7 1263 7 0 1292880.112
7 1264 7 0 1292880.112
7 1265 7 0 1292880.113
7 1266 7 0 1292880.131
7 1267 7 0 1292880.417
7 1268 7 0 1292880.425
7 1269 7 0 1292880.43
7 1270 7 0 1292881.019
7 1271 7 0 1292881.02
7 1272 7 0 1292881.021
7 1273 7 0 1292881.022
7 1274 7 0 1292881.022
7 1275 7 0 1292881.022
7 1276 7 0 1292881.023
7 1277 7 0 1292881.04
7 1281 7 0 1292881.189
7 1285 7 0 1292881.193
7 1289 7 0 1292881.197
7 1290 7 0 1292881.201
7 1291 7 0 1292881.201
7 1292 7 0 1292881.202
7 1295 7 0 1292881.273
7 1297 7 0 1292881.283
7 1300 7 0 1292881.325
7 1308 7 0 1292881.531
7 1312 7 0 1292881.536
7 1316 7 0 1292881.541
7 1317 7 0 1292881.544
7 1318 7 0 1292881.544
7 1319 7 0 1292881.545
7 1324 7 0 1292881.565
7 1328 7 0 1292881.573
7 1332 7 0 1292881.577
7 1333 7 0 1292881.58
7 1334 7 0 1292881.58
7 1335 7 0 1292881.581
7 1337 7 0 1292881.595
7 1339 7 0 1292881.601
7 1341 7 0 1292881.621
7 1342 7 0 1292881.624
7 1343 7 0 1292881.658
7 1344 7 0 1292881.662
7 1345 7 0 1292881.665
7 1346 7 0 1292881.668
7 1347 7 0 1292881.671
7 1348 7 0 1292881.674
7 1350 7 0 1292881.702
7 1351 7 0 1292881.703
7 1352 7 0 1292881.703
7 1353 7 0 1292881.704
7 1354 7 0 1292881.705
7 1355 7 0 1292881.705
7 1356 7 0 1292881.706
7 1357 7 0 1292881.729
7 1365 7 0 1292882.565
7 1369 7 0 1292882.57
7 1373 7 0 1292882.574
7 1374 7 0 1292882.576
7 1375 7 0 1292882.577
7 1376 7 0 1292882.579
7 1377 7 0 1292882.581
7 1378 7 0 1292882.589
7 1379 7 0 1292882.603
7 1380 7 0 1292882.605
7 1381 7 0 1292882.605
7 1382 7 0 1292882.606
7 1383 7 0 1292882.606
7 1384 7 0 1292882.606
7 1385 7 0 1292882.607
7 1386 7 0 1292882.624
7 1387 7 0 1292882.889
7 1388 7 0 1292882.896
7 1389 7 0 1292882.903
7 1390 7 0 1292883.466
7 1391 7 0 1292883.487
7 1392 7 0 1292883.495
7 1393 7 0 1292883.495
7 1394 7 0 1292883.502
7 1395 7 0 1292883.511
7 1396 7 0 1292883.522
7 1397 7 0 1292883.523
7 1398 7 0 1292883.524
7 1399 7 0 1292883.524
7 1400 7 0 1292883.525
7 1401 7 0 1292883.525
7 1402 7 0 1292883.526
7 1403 7 0 1292883.543
7 1404 7 0 1292883.686
7 1405 7 0 1292883.687
7 1406 7 0 1292883.687
7 1407 7 0 1292883.688
7 1408 7 0 1292883.689
7 1409 7 0 1292883.689
7 1413 7 0 1292883.694
7 1417 7 0 1292883.699
7 1421 7 0 1292883.702
7 1422 7 0 1292883.706
7 1423 7 0 1292883.706
7 1424 7 0 1292883.707
7 1429 7 0 1292883.783
7 1433 7 0 1292883.787
7 1437 7 0 1292883.792
7 1438 7 0 1292883.796
7 1439 7 0 1292883.797
7 1440 7 0 1292883.798
7 1441 7 0 1292883.8
7 1442 7 0 1292883.806
7 1443 7 0 1292883.818
7 1444 7 0 1292883.82
7 1445 7 0 1292883.822
7 1446 7 0 1292883.822
7 1447 7 0 1292883.823
7 1448 7 0 1292883.823
7 1449 7 0 1292883.823
7 1450 7 0 1292883.841
7 1451 7 0 1292884.129
7 1452 7 0 1292884.135
7 1453 7 0 1292884.142
7 1454 7 0 1292884.724
7 1455 7 0 1292884.724
7 1456 7 0 1292884.725
7 1457 7 0 1292884.726
7 1458 7 0 1292884.726
7 1459 7 0 1292884.727
7 1460 7 0 1292884.727
7 1461 7 0 1292884.745
7 1465 7 0 1292884.892
7 1469 7 0 1292884.898
7 1473 7 0 1292884.902
7 1474 7 0 1292884.906
7 1475 7 0 1292884.907
7 1476 7 0 1292884.908
7 1481 7 0 1292884.987
7 1485 7 0 1292884.992
7 1489 7 0 1292884.996
7 1490 7 0 1292885
7 1491 7 0 1292885.001
7 1492 7 0 1292885.001
7 1493 7 0 1292885.003
7 1494 7 0 1292885.01
7 1495 7 0 1292885.022
7 1496 7 0 1292885.025
7 1497 7 0 1292885.027
7 1498 7 0 1292885.028
7 1499 7 0 1292885.028
7 1500 7 0 1292885.028
7 1501 7 0 1292885.029
7 1502 7 0 1292885.047
7 1503 7 0 1292885.332
7 1504 7 0 1292885.339
7 1505 7 0 1292885.345
7 1506 7 0 1292885.927
7 1507 7 0 1292885.927
7 1508 7 0 1292885.928
7 1509 7 0 1292885.928
7 1510 7 0 1292885.929
7 1511 7 0 1292885.929
7 1512 7 0 1292885.93
7 1513 7 0 1292885.947
7 1517 7 0 1292886.093
7 1521 7 0 1292886.097
7 1525 7 0 1292886.102
7 1526 7 0 1292886.104
7 1527 7 0 1292886.105
7 1528 7 0 1292886.105
7 1531 7 0 1292886.175
7 1533 7 0 1292886.183
7 1536 7 0 1292886.219
7 1544 7 0 1292886.429
7 1548 7 0 1292886.435
7 1552 7 0 1292886.439
7 1553 7 0 1292886.441
7 1554 7 0 1292886.442
7 1555 7 0 1292886.442
7 1560 7 0 1292886.462
7 1564 7 0 1292886.466
7 1568 7 0 1292886.469
7 1569 7 0 1292886.471
7 1570 7 0 1292886.472
7 1571 7 0 1292886.472
7 1573 7 0 1292886.486
7 1575 7 0 1292886.494
7 1578 7 0 1292886.517
7 1580 7 0 1292886.523
7 1583 7 0 1292886.572
7 1592 7 0 1292887.017
7 1593 7 0 1292887.019
7 1594 7 0 1292887.02
7 1599 7 0 1292887.04
7 1603 7 0 1292887.047
7 1607 7 0 1292887.05
7 1608 7 0 1292887.053
7 1609 7 0 1292887.054
7 1610 7 0 1292887.054
7 1615 7 0 1292887.074
7 1619 7 0 1292887.078
7 1623 7 0 1292887.081
7 1624 7 0 1292887.084
7 1625 7 0 1292887.084
7 1626 7 0 1292887.085
7 1628 7 0 1292887.097
7 1630 7 0 1292887.106
8 1053 8 0 1292876.294
8 1069 8 0 1292876.318
8 1126 8 0 1292877.611
8 1174 8 0 1292878.77
8 1190 8 0 1292878.859
8 1226 8 0 1292879.978
8 1242 8 0 1292880.075
8 1278 8 0 1292881.188
8 1305 8 0 1292881.53
8 1321 8 0 1292881.564
8 1362 8 0 1292882.564
8 1410 8 0 1292883.693
8 1426 8 0 1292883.782
8 1462 8 0 1292884.891
8 1478 8 0 1292884.986
8 1514 8 0 1292886.092
8 1541 8 0 1292886.428
8 1557 8 0 1292886.461
8 1596 8 0 1292887.039
8 1612 8 0 1292887.073
9 1053 9 0 1292876.294
9 1054 9 0 1292876.294
9 1057 9 0 1292876.3
9 1061 9 0 1292876.304
9 1069 9 0 1292876.318
9 1070 9 0 1292876.318
9 1073 9 0 1292876.322
9 1077 9 0 1292876.326
9 1126 9 0 1292877.611
9 1127 9 0 1292877.611
9 1130 9 0 1292877.619
9 1134 9 0 1292877.623
9 1174 9 0 1292878.77
9 1175 9 0 1292878.77
9 1178 9 0 1292878.777
9 1182 9 0 1292878.78
9 1190 9 0 1292878.859
9 1191 9 0 1292878.859
9 1194 9 0 1292878.865
9 1198 9 0 1292878.869
9 1226 9 0 1292879.978
9 1227 9 0 1292879.978
9 1230 9 0 1292879.984
9 1234 9 0 1292879.988
9 1242 9 0 1292880.075
9 1243 9 0 1292880.075
9 1246 9 0 1292880.079
9 1250 9 0 1292880.083
9 1278 9 0 1292881.188
9 1279 9 0 1292881.189
9 1282 9 0 1292881.193
9 1286 9 0 1292881.196
9 1305 9 0 1292881.53
9 1306 9 0 1292881.53
9 1309 9 0 1292881.535
9 1313 9 0 1292881.54
9 1321 9 0 1292881.564
9 1322 9 0 1292881.564
9 1325 9 0 1292881.573
9 1329 9 0 1292881.576
9 1362 9 0 1292882.564
9 1363 9 0 1292882.564
9 1366 9 0 1292882.569
9 1370 9 0 1292882.573
9 1410 9 0 1292883.693
9 1411 9 0 1292883.693
9 1414 9 0 1292883.698
9 1418 9 0 1292883.702
9 1426 9 0 1292883.782
9 1427 9 0 1292883.782
9 1430 9 0 1292883.787
9 1434 9 0 1292883.791
9 1462 9 0 1292884.891
9 1463 9 0 1292884.891
9 1466 9 0 1292884.897
9 1470 9 0 1292884.902
9 1478 9 0 1292884.986
9 1479 9 0 1292884.986
9 1482 9 0 1292884.991
9 1486 9 0 1292884.995
9 1514 9 0 1292886.092
9 1515 9 0 1292886.092
9 1518 9 0 1292886.096
9 1522 9 0 1292886.101
9 1541 9 0 1292886.428
9 1542 9 0 1292886.428
9 1545 9 0 1292886.434
9 1549 9 0 1292886.438
9 1557 9 0 1292886.461
9 1558 9 0 1292886.461
9 1561 9 0 1292886.465
9 1565 9 0 1292886.468
9 1596 9 0 1292887.039
9 1597 9 0 1292887.039
9 1600 9 0 1292887.046
9 1604 9 0 1292887.049
9 1612 9 0 1292887.073
9 1613 9 0 1292887.073
9 1616 9 0 1292887.077
9 1620 9 0 1292887.081
10 1053 10 0 1292876.294
10 1069 10 0 1292876.318
10 1126 10 0 1292877.611
10 1174 10 0 1292878.77
10 1190 10 0 1292878.859
10 1226 10 0 1292879.978
10 1242 10 0 1292880.075
10 1278 10 0 1292881.188
10 1305 10 0 1292881.53
10 1321 10 0 1292881.564
10 1362 10 0 1292882.564
10 1410 10 0 1292883.693
10 1426 10 0 1292883.782
10 1462 10 0 1292884.891
10 1478 10 0 1292884.986
10 1514 10 0 1292886.092
10 1541 10 0 1292886.428
10 1557 10 0 1292886.461
10 1596 10 0 1292887.039
10 1612 10 0 1292887.073
11 1053 11 0 1292876.294
11 1054 11 0 1292876.294
11 1057 11 0 1292876.3
11 1061 11 0 1292876.304
11 1069 11 0 1292876.318
11 1070 11 0 1292876.318
11 1073 11 0 1292876.322
11 1077 11 0 1292876.326
11 1126 11 0 1292877.611
11 1127 11 0 1292877.611
11 1130 11 0 1292877.619
11 1134 11 0 1292877.623
11 1174 11 0 1292878.77
11 1175 11 0 1292878.77
11 1178 11 0 1292878.777
11 1182 11 0 1292878.78
11 1190 11 0 1292878.859
11 1191 11 0 1292878.859
11 1194 11 0 1292878.865
11 1198 11 0 1292878.869
11 1226 11 0 1292879.978
11 1227 11 0 1292879.978
11 1230 11 0 1292879.984
11 1234 11 0 1292879.988
11 1242 11 0 1292880.075
11 1243 11 0 1292880.075
11 1246 11 0 1292880.079
11 1250 11 0 1292880.083
11 1278 11 0 1292881.188
11 1279 11 0 1292881.189
11 1282 11 0 1292881.193
11 1286 11 0 1292881.196
11 1305 11 0 1292881.53
11 1306 11 0 1292881.53
11 1309 11 0 1292881.535
11 1313 11 0 1292881.54
11 1321 11 0 1292881.564
11 1322 11 0 1292881.564
11 1325 11 0 1292881.573
11 1329 11 0 1292881.576
11 1362 11 0 1292882.564
11 1363 11 0 1292882.564
11 1366 11 0 1292882.569
11 1370 11 0 1292882.573
11 1410 11 0 1292883.693
11 1411 11 0 1292883.693
11 1414 11 0 1292883.698
11 1418 11 0 1292883.702
11 1426 11 0 1292883.782
11 1427 11 0 1292883.782
11 1430 11 0 1292883.787
11 1434 11 0 1292883.791
11 1462 11 0 1292884.891
11 1463 11 0 1292884.891
11 1466 11 0 1292884.897
11 1470 11 0 1292884.902
11 1478 11 0 1292884.986
11 1479 11 0 1292884.986
11 1482 11 0 1292884.991
11 1486 11 0 1292884.995
11 1514 11 0 1292886.092
11 1515 11 0 1292886.092
11 1518 11 0 1292886.096
11 1522 11 0 1292886.101
11 1541 11 0 1292886.428
11 1542 11 0 1292886.428
11 1545 11 0 1292886.434
11 1549 11 0 1292886.438
11 1557 11 0 1292886.461
11 1558 11 0 1292886.461
11 1561 11 0 1292886.465
11 1565 11 0 1292886.468
11 1596 11 0 1292887.039
11 1597 11 0 1292887.039
11 1600 11 0 1292887.046
11 1604 11 0 1292887.049
11 1612 11 0 1292887.073
11 1613 11 0 1292887.073
11 1616 11 0 1292887.077
11 1620 11 0 1292887.081
12 1053 12 0 1292876.294
12 1069 12 0 1292876.318
12 1126 12 0 1292877.611
12 1174 12 0 1292878.77
12 1190 12 0 1292878.859
12 1226 12 0 1292879.978
12 1242 12 0 1292880.075
12 1278 12 0 1292881.188
12 1305 12 0 1292881.53
12 1321 12 0 1292881.564
12 1362 12 0 1292882.564
12 1410 12 0 1292883.693
12 1426 12 0 1292883.782
12 1462 12 0 1292884.891
12 1478 12 0 1292884.986
12 1514 12 0 1292886.092
12 1541 12 0 1292886.428
12 1557 12 0 1292886.461
12 1596 12 0 1292887.039
12 1612 12 0 1292887.073
13 1053 13 0 1292876.294
13 1054 13 0 1292876.294
13 1057 13 0 1292876.3
13 1061 13 0 1292876.304
13 1069 13 0 1292876.318
13 1070 13 0 1292876.318
13 1073 13 0 1292876.322
13 1077 13 0 1292876.326
13 1126 13 0 1292877.611
13 1127 13 0 1292877.611
13 1130 13 0 1292877.619
13 1134 13 0 1292877.623
13 1174 13 0 1292878.77
13 1175 13 0 1292878.77
13 1178 13 0 1292878.777
13 1182 13 0 1292878.78
13 1190 13 0 1292878.859
13 1191 13 0 1292878.859
13 1194 13 0 1292878.865
13 1198 13 0 1292878.869
13 1226 13 0 1292879.978
13 1227 13 0 1292879.978
13 1230 13 0 1292879.984
13 1234 13 0 1292879.988
13 1242 13 0 1292880.075
13 1243 13 0 1292880.075
13 1246 13 0 1292880.079
13 1250 13 0 1292880.083
13 1278 13 0 1292881.188
13 1279 13 0 1292881.189
13 1282 13 0 1292881.193
13 1286 13 0 1292881.196
13 1305 13 0 1292881.53
13 1306 13 0 1292881.53
13 1309 13 0 1292881.535
13 1313 13 0 1292881.54
13 1321 13 0 1292881.564
13 1322 13 0 1292881.564
13 1325 13 0 1292881.573
13 1329 13 0 1292881.576
13 1362 13 0 1292882.564
13 1363 13 0 1292882.564
13 1366 13 0 1292882.569
13 1370 13 0 1292882.573
13 1410 13 0 1292883.693
13 1411 13 0 1292883.693
13 1414 13 0 1292883.698
13 1418 13 0 1292883.702
13 1426 13 0 1292883.782
13 1427 13 0 1292883.782
13 1430 13 0 1292883.787
13 1434 13 0 1292883.791
13 1462 13 0 1292884.891
13 1463 13 0 1292884.891
13 1466 13 0 1292884.897
13 1470 13 0 1292884.902
13 1478 13 0 1292884.986
13 1479 13 0 1292884.986
13 1482 13 0 1292884.991
13 1486 13 0 1292884.995
13 1514 13 0 1292886.092
13 1515 13 0 1292886.092
13 1518 13 0 1292886.096
13 1522 13 0 1292886.101
13 1541 13 0 1292886.428
13 1542 13 0 1292886.428
13 1545 13 0 1292886.434
13 1549 13 0 1292886.438
13 1557 13 0 1292886.461
13 1558 13 0 1292886.461
13 1561 13 0 1292886.465
13 1565 13 0 1292886.468
13 1596 13 0 1292887.039
13 1597 13 0 1292887.039
13 1600 13 0 1292887.046
13 1604 13 0 1292887.049
13 1612 13 0 1292887.073
13 1613 13 0 1292887.073
13 1616 13 0 1292887.077
13 1620 13 0 1292887.081
14 1053 14 0 1292876.294
14 1069 14 0 1292876.318
14 1126 14 0 1292877.611
14 1174 14 0 1292878.77
14 1190 14 0 1292878.859
14 1226 14 0 1292879.978
14 1242 14 0 1292880.075
14 1278 14 0 1292881.188
14 1305 14 0 1292881.53
14 1321 14 0 1292881.564
14 1362 14 0 1292882.564
14 1410 14 0 1292883.693
14 1426 14 0 1292883.782
14 1462 14 0 1292884.891
14 1478 14 0 1292884.986
14 1514 14 0 1292886.092
14 1541 14 0 1292886.428
14 1557 14 0 1292886.461
14 1596 14 0 1292887.039
14 1612 14 0 1292887.073
15 1053 15 0 1292876.294
15 1054 15 0 1292876.294
15 1057 15 0 1292876.3
15 1061 15 0 1292876.304
15 1069 15 0 1292876.318
15 1070 15 0 1292876.319
15 1073 15 0 1292876.322
15 1077 15 0 1292876.326
15 1126 15 0 1292877.611
15 1127 15 0 1292877.611
15 1130 15 0 1292877.619
15 1134 15 0 1292877.623
15 1174 15 0 1292878.77
15 1175 15 0 1292878.771
15 1178 15 0 1292878.777
15 1182 15 0 1292878.78
15 1190 15 0 1292878.859
15 1191 15 0 1292878.86
15 1194 15 0 1292878.865
15 1198 15 0 1292878.869
15 1226 15 0 1292879.978
15 1227 15 0 1292879.979
15 1230 15 0 1292879.984
15 1234 15 0 1292879.988
15 1242 15 0 1292880.075
15 1243 15 0 1292880.075
15 1246 15 0 1292880.079
15 1250 15 0 1292880.083
15 1278 15 0 1292881.188
15 1279 15 0 1292881.189
15 1282 15 0 1292881.193
15 1286 15 0 1292881.196
15 1305 15 0 1292881.53
15 1306 15 0 1292881.531
15 1309 15 0 1292881.535
15 1313 15 0 1292881.54
15 1321 15 0 1292881.564
15 1322 15 0 1292881.565
15 1325 15 0 1292881.573
15 1329 15 0 1292881.576
15 1362 15 0 1292882.564
15 1363 15 0 1292882.565
15 1366 15 0 1292882.569
15 1370 15 0 1292882.573
15 1410 15 0 1292883.693
15 1411 15 0 1292883.694
15 1414 15 0 1292883.698
15 1418 15 0 1292883.702
15 1426 15 0 1292883.782
15 1427 15 0 1292883.783
15 1430 15 0 1292883.787
15 1434 15 0 1292883.791
15 1462 15 0 1292884.891
15 1463 15 0 1292884.892
15 1466 15 0 1292884.897
15 1470 15 0 1292884.902
15 1478 15 0 1292884.986
15 1479 15 0 1292884.986
15 1482 15 0 1292884.991
15 1486 15 0 1292884.995
15 1514 15 0 1292886.092
15 1515 15 0 1292886.092
15 1518 15 0 1292886.096
15 1522 15 0 1292886.101
15 1541 15 0 1292886.428
15 1542 15 0 1292886.429
15 1545 15 0 1292886.434
15 1549 15 0 1292886.438
15 1557 15 0 1292886.461
15 1558 15 0 1292886.462
15 1561 15 0 1292886.465
15 1565 15 0 1292886.468
15 1596 15 0 1292887.039
15 1597 15 0 1292887.039
15 1600 15 0 1292887.046
15 1604 15 0 1292887.049
15 1612 15 0 1292887.073
15 1613 15 0 1292887.074
15 1616 15 0 1292887.077
15 1620 15 0 1292887.081
24 1053 24 0 1292875.541
24 1069 24 0 1292875.565
24 1126 24 0 1292876.858
24 1174 24 0 1292878.017
24 1190 24 0 1292878.106
24 1226 24 0 1292879.225
24 1242 24 0 1292879.322
24 1278 24 0 1292880.435
24 1305 24 0 1292880.777
24 1321 24 0 1292880.811
24 1362 24 0 1292881.811
24 1410 24 0 1292882.94
24 1426 24 0 1292883.029
24 1462 24 0 1292884.138
24 1478 24 0 1292884.233
24 1514 24 0 1292885.339
24 1541 24 0 1292885.675
24 1557 24 0 1292885.708
24 1596 24 0 1292886.286
24 1612 24 0 1292886.32
25 1053 25 0 1292875.541
25 1054 25 0 1292875.543
25 1057 25 0 1292875.547
25 1061 25 0 1292875.551
25 1069 25 0 1292875.565
25 1070 25 0 1292875.565
25 1073 25 0 1292875.569
25 1077 25 0 1292875.573
25 1126 25 0 1292876.858
25 1127 25 0 1292876.858
25 1130 25 0 1292876.866
25 1134 25 0 1292876.87
25 1174 25 0 1292878.017
25 1175 25 0 1292878.017
25 1178 25 0 1292878.024
25 1182 25 0 1292878.027
25 1190 25 0 1292878.106
25 1191 25 0 1292878.106
25 1194 25 0 1292878.112
25 1198 25 0 1292878.116
25 1226 25 0 1292879.225
25 1227 25 0 1292879.225
25 1230 25 0 1292879.231
25 1234 25 0 1292879.235
25 1242 25 0 1292879.322
25 1243 25 0 1292879.322
25 1246 25 0 1292879.326
25 1250 25 0 1292879.33
25 1278 25 0 1292880.435
25 1279 25 0 1292880.435
25 1282 25 0 1292880.44
25 1286 25 0 1292880.443
25 1305 25 0 1292880.777
25 1306 25 0 1292880.777
25 1309 25 0 1292880.782
25 1313 25 0 1292880.787
25 1321 25 0 1292880.811
25 1322 25 0 1292880.811
25 1325 25 0 1292880.82
25 1329 25 0 1292880.823
25 1362 25 0 1292881.811
25 1363 25 0 1292881.811
25 1366 25 0 1292881.816
25 1370 25 0 1292881.82
25 1410 25 0 1292882.94
25 1411 25 0 1292882.94
25 1414 25 0 1292882.945
25 1418 25 0 1292882.949
25 1426 25 0 1292883.029
25 1427 25 0 1292883.029
25 1430 25 0 1292883.034
25 1434 25 0 1292883.038
25 1462 25 0 1292884.138
25 1463 25 0 1292884.138
25 1466 25 0 1292884.144
25 1470 25 0 1292884.149
25 1478 25 0 1292884.233
25 1479 25 0 1292884.233
25 1482 25 0 1292884.238
25 1486 25 0 1292884.242
25 1514 25 0 1292885.339
25 1515 25 0 1292885.339
25 1518 25 0 1292885.343
25 1522 25 0 1292885.348
25 1541 25 0 1292885.675
25 1542 25 0 1292885.675
25 1545 25 0 1292885.681
25 1549 25 0 1292885.685
25 1557 25 0 1292885.708
25 1558 25 0 1292885.708
25 1561 25 0 1292885.712
25 1565 25 0 1292885.715
25 1596 25 0 1292886.286
25 1597 25 0 1292886.286
25 1600 25 0 1292886.293
25 1604 25 0 1292886.296
25 1612 25 0 1292886.32
25 1613 25 0 1292886.32
25 1616 25 0 1292886.324
25 1620 25 0 1292886.328
26 1053 26 0 1292875.541
26 1069 26 0 1292875.565
26 1126 26 0 1292876.858
26 1174 26 0 1292878.017
26 1190 26 0 1292878.106
26 1226 26 0 1292879.225
26 1242 26 0 1292879.322
26 1278 26 0 1292880.435
26 1305 26 0 1292880.777
26 1321 26 0 1292880.811
26 1362 26 0 1292881.811
26 1410 26 0 1292882.94
26 1426 26 0 1292883.029
26 1462 26 0 1292884.138
26 1478 26 0 1292884.233
26 1514 26 0 1292885.339
26 1541 26 0 1292885.675
26 1557 26 0 1292885.708
26 1596 26 0 1292886.286
26 1612 26 0 1292886.32
27 1053 27 0 1292875.541
27 1054 27 0 1292875.542
27 1057 27 0 1292875.547
27 1061 27 0 1292875.551
27 1069 27 0 1292875.565
27 1070 27 0 1292875.565
27 1073 27 0 1292875.569
27 1077 27 0 1292875.573
27 1126 27 0 1292876.858
27 1127 27 0 1292876.858
27 1130 27 0 1292876.866
27 1134 27 0 1292876.87
27 1174 27 0 1292878.017
27 1175 27 0 1292878.017
27 1178 27 0 1292878.024
27 1182 27 0 1292878.027
27 1190 27 0 1292878.106
27 1191 27 0 1292878.106
27 1194 27 0 1292878.112
27 1198 27 0 1292878.116
27 1226 27 0 1292879.225
27 1227 27 0 1292879.225
27 1230 27 0 1292879.231
27 1234 27 0 1292879.235
27 1242 27 0 1292879.322
27 1243 27 0 1292879.322
27 1246 27 0 1292879.326
27 1250 27 0 1292879.33
27 1278 27 0 1292880.435
27 1279 27 0 1292880.435
27 1282 27 0 1292880.44
27 1286 27 0 1292880.443
27 1305 27 0 1292880.777
27 1306 27 0 1292880.777
27 1309 27 0 1292880.782
27 1313 27 0 1292880.787
27 1321 27 0 1292880.811
27 1322 27 0 1292880.811
27 1325 27 0 1292880.82
27 1329 27 0 1292880.823
27 1362 27 0 1292881.811
27 1363 27 0 1292881.811
27 1366 27 0 1292881.816
27 1370 27 0 1292881.82
27 1410 27 0 1292882.94
27 1411 27 0 1292882.94
27 1414 27 0 1292882.945
27 1418 27 0 1292882.949
27 1426 27 0 1292883.029
27 1427 27 0 1292883.029
27 1430 27 0 1292883.034
27 1434 27 0 1292883.038
27 1462 27 0 1292884.138
27 1463 27 0 1292884.138
27 1466 27 0 1292884.144
27 1470 27 0 1292884.149
27 1478 27 0 1292884.233
27 1479 27 0 1292884.233
27 1482 27 0 1292884.238
27 1486 27 0 1292884.242
27 1514 27 0 1292885.339
27 1515 27 0 1292885.339
27 1518 27 0 1292885.343
27 1522 27 0 1292885.348
27 1541 27 0 1292885.675
27 1542 27 0 1292885.675
27 1545 27 0 1292885.681
27 1549 27 0 1292885.685
27 1557 27 0 1292885.708
27 1558 27 0 1292885.708
27 1561 27 0 1292885.712
27 1565 27 0 1292885.715
27 1596 27 0 1292886.286
27 1597 27 0 1292886.286
27 1600 27 0 1292886.293
27 1604 27 0 1292886.296
27 1612 27 0 1292886.32
27 1613 27 0 1292886.32
27 1616 27 0 1292886.324
27 1620 27 0 1292886.328
28 1053 28 0 1292875.541
28 1069 28 0 1292875.565
28 1126 28 0 1292876.858
28 1174 28 0 1292878.017
28 1190 28 0 1292878.106
28 1226 28 0 1292879.225
28 1242 28 0 1292879.322
28 1278 28 0 1292880.435
28 1305 28 0 1292880.777
28 1321 28 0 1292880.811
28 1362 28 0 1292881.811
28 1410 28 0 1292882.94
28 1426 28 0 1292883.029
28 1462 28 0 1292884.138
28 1478 28 0 1292884.233
28 1514 28 0 1292885.339
28 1541 28 0 1292885.675
28 1557 28 0 1292885.708
28 1596 28 0 1292886.286
28 1612 28 0 1292886.32
29 1053 29 0 1292875.541
29 1054 29 0 1292875.543
29 1057 29 0 1292875.547
29 1061 29 0 1292875.551
29 1069 29 0 1292875.565
29 1070 29 0 1292875.566
29 1073 29 0 1292875.569
29 1077 29 0 1292875.573
29 1126 29 0 1292876.858
29 1127 29 0 1292876.859
29 1130 29 0 1292876.866
29 1134 29 0 1292876.87
29 1174 29 0 1292878.017
29 1175 29 0 1292878.018
29 1178 29 0 1292878.024
29 1182 29 0 1292878.027
29 1190 29 0 1292878.106
29 1191 29 0 1292878.108
29 1194 29 0 1292878.112
29 1198 29 0 1292878.116
29 1226 29 0 1292879.225
29 1227 29 0 1292879.227
29 1230 29 0 1292879.231
29 1234 29 0 1292879.235
29 1242 29 0 1292879.322
29 1243 29 0 1292879.323
29 1246 29 0 1292879.326
29 1250 29 0 1292879.33
29 1278 29 0 1292880.435
29 1279 29 0 1292880.436
29 1282 29 0 1292880.44
29 1286 29 0 1292880.443
29 1305 29 0 1292880.777
29 1306 29 0 1292880.778
29 1309 29 0 1292880.782
29 1313 29 0 1292880.787
29 1321 29 0 1292880.811
29 1322 29 0 1292880.812
29 1325 29 0 1292880.82
29 1329 29 0 1292880.823
29 1362 29 0 1292881.811
29 1363 29 0 1292881.812
29 1366 29 0 1292881.816
29 1370 29 0 1292881.82
29 1410 29 0 1292882.94
29 1411 29 0 1292882.941
29 1414 29 0 1292882.945
29 1418 29 0 1292882.949
29 1426 29 0 1292883.029
29 1427 29 0 1292883.03
29 1430 29 0 1292883.034
29 1434 29 0 1292883.038
29 1462 29 0 1292884.138
29 1463 29 0 1292884.14
29 1466 29 0 1292884.144
29 1470 29 0 1292884.149
29 1478 29 0 1292884.233
29 1479 29 0 1292884.235
29 1482 29 0 1292884.238
29 1486 29 0 1292884.242
29 1514 29 0 1292885.339
29 1515 29 0 1292885.34
29 1518 29 0 1292885.343
29 1522 29 0 1292885.348
29 1541 29 0 1292885.675
29 1542 29 0 1292885.677
29 1545 29 0 1292885.681
29 1549 29 0 1292885.685
29 1557 29 0 1292885.708
29 1558 29 0 1292885.709
29 1561 29 0 1292885.712
29 1565 29 0 1292885.715
29 1596 29 0 1292886.286
29 1597 29 0 1292886.288
29 1600 29 0 1292886.293
29 1604 29 0 1292886.296
29 1612 29 0 1292886.32
29 1613 29 0 1292886.321
29 1616 29 0 1292886.324
29 1620 29 0 1292886.328
30 1053 30 0 1292875.541
30 1069 30 0 1292875.565
30 1126 30 0 1292876.858
30 1174 30 0 1292878.017
30 1190 30 0 1292878.106
30 1226 30 0 1292879.225
30 1242 30 0 1292879.322
30 1278 30 0 1292880.435
30 1305 30 0 1292880.777
30 1321 30 0 1292880.811
30 1362 30 0 1292881.811
30 1410 30 0 1292882.94
30 1426 30 0 1292883.029
30 1462 30 0 1292884.138
30 1478 30 0 1292884.233
30 1514 30 0 1292885.339
30 1541 30 0 1292885.675
30 1557 30 0 1292885.708
30 1596 30 0 1292886.286
30 1612 30 0 1292886.32
31 1053 31 0 1292875.541
31 1054 31 0 1292875.543
31 1057 31 0 1292875.547
31 1061 31 0 1292875.551
31 1069 31 0 1292875.565
31 1070 31 0 1292875.565
31 1073 31 0 1292875.569
31 1077 31 0 1292875.573
31 1126 31 0 1292876.858
31 1127 31 0 1292876.858
31 1130 31 0 1292876.866
31 1134 31 0 1292876.87
31 1174 31 0 1292878.017
31 1175 31 0 1292878.017
31 1178 31 0 1292878.024
31 1182 31 0 1292878.027
31 1190 31 0 1292878.106
31 1191 31 0 1292878.106
31 1194 31 0 1292878.112
31 1198 31 0 1292878.116
31 1226 31 0 1292879.225
31 1227 31 0 1292879.225
31 1230 31 0 1292879.231
31 1234 31 0 1292879.235
31 1242 31 0 1292879.322
31 1243 31 0 1292879.322
31 1246 31 0 1292879.326
31 1250 31 0 1292879.33
31 1278 31 0 1292880.435
31 1279 31 0 1292880.436
31 1282 31 0 1292880.44
31 1286 31 0 1292880.443
31 1305 31 0 1292880.777
31 1306 31 0 1292880.777
31 1309 31 0 1292880.782
31 1313 31 0 1292880.787
31 1321 31 0 1292880.811
31 1322 31 0 1292880.811
31 1325 31 0 1292880.82
31 1329 31 0 1292880.823
31 1362 31 0 1292881.811
31 1363 31 0 1292881.811
31 1366 31 0 1292881.816
31 1370 31 0 1292881.82
31 1410 31 0 1292882.94
31 1411 31 0 1292882.94
31 1414 31 0 1292882.945
31 1418 31 0 1292882.949
31 1426 31 0 1292883.029
31 1427 31 0 1292883.029
31 1430 31 0 1292883.034
31 1434 31 0 1292883.038
31 1462 31 0 1292884.138
31 1463 31 0 1292884.138
31 1466 31 0 1292884.144
31 1470 31 0 1292884.149
31 1478 31 0 1292884.233
31 1479 31 0 1292884.233
31 1482 31 0 1292884.238
31 1486 31 0 1292884.242
31 1514 31 0 1292885.339
31 1515 31 0 1292885.339
31 1518 31 0 1292885.343
31 1522 31 0 1292885.348
31 1541 31 0 1292885.675
31 1542 31 0 1292885.675
31 1545 31 0 1292885.681
31 1549 31 0 1292885.685
31 1557 31 0 1292885.708
31 1558 31 0 1292885.708
31 1561 31 0 1292885.712
31 1565 31 0 1292885.715
31 1596 31 0 1292886.286
31 1597 31 0 1292886.286
31 1600 31 0 1292886.293
31 1604 31 0 1292886.296
31 1612 31 0 1292886.32
31 1613 31 0 1292886.32
31 1616 31 0 1292886.324
31 1620 31 0 1292886.328
40 1053 40 0 1292875.541
40 1069 40 0 1292875.565
40 1126 40 0 1292876.858
40 1174 40 0 1292878.017
40 1190 40 0 1292878.106
40 1226 40 0 1292879.225
40 1242 40 0 1292879.322
40 1278 40 0 1292880.435
40 1305 40 0 1292880.777
40 1321 40 0 1292880.811
40 1362 40 0 1292881.811
40 1410 40 0 1292882.94
40 1426 40 0 1292883.029
40 1462 40 0 1292884.138
40 1478 40 0 1292884.233
40 1514 40 0 1292885.339
40 1541 40 0 1292885.675
40 1557 40 0 1292885.708
40 1596 40 0 1292886.286
40 1612 40 0 1292886.32
41 1053 41 0 1292875.541
41 1054 41 0 1292875.542
41 1057 41 0 1292875.547
41 1061 41 0 1292875.551
41 1069 41 0 1292875.565
41 1070 41 0 1292875.565
41 1073 41 0 1292875.569
41 1077 41 0 1292875.573
41 1126 41 0 1292876.858
41 1127 41 0 1292876.858
41 1130 41 0 1292876.866
41 1134 41 0 1292876.87
41 1174 41 0 1292878.017
41 1175 41 0 1292878.017
41 1178 41 0 1292878.024
41 1182 41 0 1292878.027
41 1190 41 0 1292878.106
41 1191 41 0 1292878.106
41 1194 41 0 1292878.112
41 1198 41 0 1292878.116
41 1226 41 0 1292879.225
41 1227 41 0 1292879.225
41 1230 41 0 1292879.231
41 1234 41 0 1292879.235
41 1242 41 0 1292879.322
41 1243 41 0 1292879.322
41 1246 41 0 1292879.326
41 1250 41 0 1292879.33
41 1278 41 0 1292880.435
41 1279 41 0 1292880.436
41 1282 41 0 1292880.44
41 1286 41 0 1292880.443
41 1305 41 0 1292880.777
41 1306 41 0 1292880.777
41 1309 41 0 1292880.782
41 1313 41 0 1292880.787
41 1321 41 0 1292880.811
41 1322 41 0 1292880.811
41 1325 41 0 1292880.82
41 1329 41 0 1292880.823
41 1362 41 0 1292881.811
41 1363 41 0 1292881.811
41 1366 41 0 1292881.816
41 1370 41 0 1292881.82
41 1410 41 0 1292882.94
41 1411 41 0 1292882.94
41 1414 41 0 1292882.945
41 1418 41 0 1292882.949
41 1426 41 0 1292883.029
41 1427 41 0 1292883.029
41 1430 41 0 1292883.034
41 1434 41 0 1292883.038
41 1462 41 0 1292884.138
41 1463 41 0 1292884.138
41 1466 41 0 1292884.144
41 1470 41 0 1292884.149
41 1478 41 0 1292884.233
41 1479 41 0 1292884.233
41 1482 41 0 1292884.238
41 1486 41 0 1292884.242
41 1514 41 0 1292885.339
41 1515 41 0 1292885.339
41 1518 41 0 1292885.343
41 1522 41 0 1292885.348
41 1541 41 0 1292885.675
41 1542 41 0 1292885.675
41 1545 41 0 1292885.681
41 1549 41 0 1292885.685
41 1557 41 0 1292885.708
41 1558 41 0 1292885.708
41 1561 41 0 1292885.712
41 1565 41 0 1292885.715
41 1596 41 0 1292886.286
41 1597 41 0 1292886.286
41 1600 41 0 1292886.293
41 1604 41 0 1292886.296
41 1612 41 0 1292886.32
41 1613 41 0 1292886.32
41 1616 41 0 1292886.324
41 1620 41 0 1292886.328
42 1053 42 0 1292875.541
42 1069 42 0 1292875.565
42 1126 42 0 1292876.858
42 1174 42 0 1292878.017
42 1190 42 0 1292878.106
42 1226 42 0 1292879.225
42 1242 42 0 1292879.322
42 1278 42 0 1292880.435
42 1305 42 0 1292880.777
42 1321 42 0 1292880.811
42 1362 42 0 1292881.811
42 1410 42 0 1292882.94
42 1426 42 0 1292883.029
42 1462 42 0 1292884.138
42 1478 42 0 1292884.233
42 1514 42 0 1292885.339
42 1541 42 0 1292885.675
42 1557 42 0 1292885.708
42 1596 42 0 1292886.286
42 1612 42 0 1292886.32
43 1053 43 0 1292875.541
43 1054 43 0 1292875.543
43 1057 43 0 1292875.547
43 1061 43 0 1292875.551
43 1069 43 0 1292875.565
43 1070 43 0 1292875.566
43 1073 43 0 1292875.569
43 1077 43 0 1292875.573
43 1126 43 0 1292876.858
43 1127 43 0 1292876.859
43 1130 43 0 1292876.866
43 1134 43 0 1292876.87
43 1174 43 0 1292878.017
43 1175 43 0 1292878.018
43 1178 43 0 1292878.024
43 1182 43 0 1292878.027
43 1190 43 0 1292878.106
43 1191 43 0 1292878.108
43 1194 43 0 1292878.112
43 1198 43 0 1292878.116
43 1226 43 0 1292879.225
43 1227 43 0 1292879.227
43 1230 43 0 1292879.231
43 1234 43 0 1292879.235
43 1242 43 0 1292879.322
43 1243 43 0 1292879.323
43 1246 43 0 1292879.326
43 1250 43 0 1292879.33
43 1278 43 0 1292880.435
43 1279 43 0 1292880.436
43 1282 43 0 1292880.44
43 1286 43 0 1292880.443
43 1305 43 0 1292880.777
43 1306 43 0 1292880.778
43 1309 43 0 1292880.782
43 1313 43 0 1292880.787
43 1321 43 0 1292880.811
43 1322 43 0 1292880.812
43 1325 43 0 1292880.82
43 1329 43 0 1292880.823
43 1362 43 0 1292881.811
43 1363 43 0 1292881.812
43 1366 43 0 1292881.816
43 1370 43 0 1292881.82
43 1410 43 0 1292882.94
43 1411 43 0 1292882.941
43 1414 43 0 1292882.945
43 1418 43 0 1292882.949
43 1426 43 0 1292883.029
43 1427 43 0 1292883.03
43 1430 43 0 1292883.034
43 1434 43 0 1292883.038
43 1462 43 0 1292884.138
43 1463 43 0 1292884.14
43 1466 43 0 1292884.144
43 1470 43 0 1292884.149
43 1478 43 0 1292884.233
43 1479 43 0 1292884.234
43 1482 43 0 1292884.238
43 1486 43 0 1292884.242
43 1514 43 0 1292885.339
43 1515 43 0 1292885.34
43 1518 43 0 1292885.343
43 1522 43 0 1292885.348
43 1541 43 0 1292885.675
43 1542 43 0 1292885.677
43 1545 43 0 1292885.681
43 1549 43 0 1292885.685
43 1557 43 0 1292885.708
43 1558 43 0 1292885.709
43 1561 43 0 1292885.712
43 1565 43 0 1292885.715
43 1596 43 0 1292886.286
43 1597 43 0 1292886.288
43 1600 43 0 1292886.293
43 1604 43 0 1292886.296
43 1612 43 0 1292886.32
43 1613 43 0 1292886.321
43 1616 43 0 1292886.324
43 1620 43 0 1292886.328
44 1053 44 0 1292875.541
44 1069 44 0 1292875.565
44 1126 44 0 1292876.858
44 1174 44 0 1292878.017
44 1190 44 0 1292878.106
44 1226 44 0 1292879.225
44 1242 44 0 1292879.322
44 1278 44 0 1292880.435
44 1305 44 0 1292880.777
44 1321 44 0 1292880.811
44 1362 44 0 1292881.811
44 1410 44 0 1292882.94
44 1426 44 0 1292883.029
44 1462 44 0 1292884.138
44 1478 44 0 1292884.233
44 1514 44 0 1292885.339
44 1541 44 0 1292885.675
44 1557 44 0 1292885.708
44 1596 44 0 1292886.286
44 1612 44 0 1292886.32
45 1053 45 0 1292875.541
45 1054 45 0 1292875.543
45 1057 45 0 1292875.547
45 1061 45 0 1292875.551
45 1069 45 0 1292875.565
45 1070 45 0 1292875.565
45 1073 45 0 1292875.569
45 1077 45 0 1292875.573
45 1126 45 0 1292876.858
45 1127 45 0 1292876.858
45 1130 45 0 1292876.866
45 1134 45 0 1292876.87
45 1174 45 0 1292878.017
45 1175 45 0 1292878.017
45 1178 45 0 1292878.024
45 1182 45 0 1292878.027
45 1190 45 0 1292878.106
45 1191 45 0 1292878.106
45 1194 45 0 1292878.112
45 1198 45 0 1292878.116
45 1226 45 0 1292879.225
45 1227 45 0 1292879.225
45 1230 45 0 1292879.231
45 1234 45 0 1292879.235
45 1242 45 0 1292879.322
45 1243 45 0 1292879.322
45 1246 45 0 1292879.326
45 1250 45 0 1292879.33
45 1278 45 0 1292880.435
45 1279 45 0 1292880.436
45 1282 45 0 1292880.44
45 1286 45 0 1292880.443
45 1305 45 0 1292880.777
45 1306 45 0 1292880.777
45 1309 45 0 1292880.782
45 1313 45 0 1292880.787
45 1321 45 0 1292880.811
45 1322 45 0 1292880.811
45 1325 45 0 1292880.82
45 1329 45 0 1292880.823
45 1362 45 0 1292881.811
45 1363 45 0 1292881.811
45 1366 45 0 1292881.816
45 1370 45 0 1292881.82
45 1410 45 0 1292882.94
45 1411 45 0 1292882.94
45 1414 45 0 1292882.945
45 1418 45 0 1292882.949
45 1426 45 0 1292883.029
45 1427 45 0 1292883.029
45 1430 45 0 1292883.034
45 1434 45 0 1292883.038
45 1462 45 0 1292884.138
45 1463 45 0 1292884.138
45 1466 45 0 1292884.144
45 1470 45 0 1292884.149
45 1478 45 0 1292884.233
45 1479 45 0 1292884.233
45 1482 45 0 1292884.238
45 1486 45 0 1292884.242
45 1514 45 0 1292885.339
45 1515 45 0 1292885.339
45 1518 45 0 1292885.343
45 1522 45 0 1292885.348
45 1541 45 0 1292885.675
45 1542 45 0 1292885.675
45 1545 45 0 1292885.681
45 1549 45 0 1292885.685
45 1557 45 0 1292885.708
45 1558 45 0 1292885.708
45 1561 45 0 1292885.712
45 1565 45 0 1292885.715
45 1596 45 0 1292886.286
45 1597 45 0 1292886.286
45 1600 45 0 1292886.293
45 1604 45 0 1292886.296
45 1612 45 0 1292886.32
45 1613 45 0 1292886.32
45 1616 45 0 1292886.324
45 1620 45 0 1292886.328
46 1053 46 0 1292875.541
46 1069 46 0 1292875.565
46 1126 46 0 1292876.858
46 1174 46 0 1292878.017
46 1190 46 0 1292878.106
46 1226 46 0 1292879.225
46 1242 46 0 1292879.322
46 1278 46 0 1292880.435
46 1305 46 0 1292880.777
46 1321 46 0 1292880.811
46 1362 46 0 1292881.811
46 1410 46 0 1292882.94
46 1426 46 0 1292883.029
46 1462 46 0 1292884.138
46 1478 46 0 1292884.233
46 1514 46 0 1292885.339
46 1541 46 0 1292885.675
46 1557 46 0 1292885.708
46 1596 46 0 1292886.286
46 1612 46 0 1292886.32
47 1053 47 0 1292875.541
47 1054 47 0 1292875.543
47 1057 47 0 1292875.547
47 1061 47 0 1292875.551
47 1069 47 0 1292875.565
47 1070 47 0 1292875.565
47 1073 47 0 1292875.569
47 1077 47 0 1292875.573
47 1126 47 0 1292876.858
47 1127 47 0 1292876.858
47 1130 47 0 1292876.866
47 1134 47 0 1292876.87
47 1174 47 0 1292878.017
47 1175 47 0 1292878.017
47 1178 47 0 1292878.024
47 1182 47 0 1292878.027
47 1190 47 0 1292878.106
47 1191 47 0 1292878.106
47 1194 47 0 1292878.112
47 1198 47 0 1292878.116
47 1226 47 0 1292879.225
47 1227 47 0 1292879.225
47 1230 47 0 1292879.231
47 1234 47 0 1292879.235
47 1242 47 0 1292879.322
47 1243 47 0 1292879.322
47 1246 47 0 1292879.326
47 1250 47 0 1292879.33
47 1278 47 0 1292880.435
47 1279 47 0 1292880.436
47 1282 47 0 1292880.44
47 1286 47 0 1292880.443
47 1305 47 0 1292880.777
47 1306 47 0 1292880.777
47 1309 47 0 1292880.782
47 1313 47 0 1292880.787
47 1321 47 0 1292880.811
47 1322 47 0 1292880.811
47 1325 47 0 1292880.82
47 1329 47 0 1292880.823
47 1362 47 0 1292881.811
47 1363 47 0 1292881.811
47 1366 47 0 1292881.816
47 1370 47 0 1292881.82
47 1410 47 0 1292882.94
47 1411 47 0 1292882.94
47 1414 47 0 1292882.945
47 1418 47 0 1292882.949
47 1426 47 0 1292883.029
47 1427 47 0 1292883.029
47 1430 47 0 1292883.034
47 1434 47 0 1292883.038
47 1462 47 0 1292884.138
47 1463 47 0 1292884.138
47 1466 47 0 1292884.144
47 1470 47 0 1292884.149
47 1478 47 0 1292884.233
47 1479 47 0 1292884.233
47 1482 47 0 1292884.238
47 1486 47 0 1292884.242
47 1514 47 0 1292885.339
47 1515 47 0 1292885.339
47 1518 47 0 1292885.343
47 1522 47 0 1292885.348
47 1541 47 0 1292885.675
47 1542 47 0 1292885.675
47 1545 47 0 1292885.681
47 1549 47 0 1292885.685
47 1557 47 0 1292885.708
47 1558 47 0 1292885.708
47 1561 47 0 1292885.712
47 1565 47 0 1292885.715
47 1596 47 0 1292886.286
47 1597 47 0 1292886.286
47 1600 47 0 1292886.293
47 1604 47 0 1292886.296
47 1612 47 0 1292886.32
47 1613 47 0 1292886.32
47 1616 47 0 1292886.324
47 1620 47 0 1292886.328
56 1053 56 0 1292876.514
56 1069 56 0 1292876.538
56 1126 56 0 1292877.831
56 1174 56 0 1292878.99
56 1190 56 0 1292879.08
56 1226 56 0 1292880.199
56 1242 56 0 1292880.295
56 1278 56 0 1292881.409
56 1305 56 0 1292881.75
56 1321 56 0 1292881.784
56 1362 56 0 1292882.784
56 1410 56 0 1292883.913
56 1426 56 0 1292884.002
56 1462 56 0 1292885.112
56 1478 56 0 1292885.206
56 1514 56 0 1292886.312
56 1541 56 0 1292886.649
56 1557 56 0 1292886.681
56 1596 56 0 1292887.259
56 1612 56 0 1292887.293
57 1053 57 0 1292876.514
57 1054 57 0 1292876.515
57 1057 57 0 1292876.52
57 1061 57 0 1292876.524
57 1069 57 0 1292876.538
57 1070 57 0 1292876.539
57 1073 57 0 1292876.542
57 1077 57 0 1292876.546
57 1126 57 0 1292877.831
57 1127 57 0 1292877.832
57 1130 57 0 1292877.839
57 1134 57 0 1292877.843
57 1174 57 0 1292878.99
57 1175 57 0 1292878.991
57 1178 57 0 1292878.997
57 1182 57 0 1292879.001
57 1190 57 0 1292879.08
57 1191 57 0 1292879.081
57 1194 57 0 1292879.085
57 1198 57 0 1292879.09
57 1226 57 0 1292880.199
57 1227 57 0 1292880.2
57 1230 57 0 1292880.204
57 1234 57 0 1292880.208
57 1242 57 0 1292880.295
57 1243 57 0 1292880.296
57 1246 57 0 1292880.3
57 1250 57 0 1292880.303
57 1278 57 0 1292881.409
57 1279 57 0 1292881.41
57 1282 57 0 1292881.413
57 1286 57 0 1292881.417
57 1305 57 0 1292881.75
57 1306 57 0 1292881.751
57 1309 57 0 1292881.755
57 1313 57 0 1292881.76
57 1321 57 0 1292881.784
57 1322 57 0 1292881.785
57 1325 57 0 1292881.793
57 1329 57 0 1292881.797
57 1362 57 0 1292882.784
57 1363 57 0 1292882.785
57 1366 57 0 1292882.789
57 1370 57 0 1292882.793
57 1410 57 0 1292883.913
57 1411 57 0 1292883.914
57 1414 57 0 1292883.919
57 1418 57 0 1292883.922
57 1426 57 0 1292884.002
57 1427 57 0 1292884.003
57 1430 57 0 1292884.007
57 1434 57 0 1292884.011
57 1462 57 0 1292885.112
57 1463 57 0 1292885.113
57 1466 57 0 1292885.117
57 1470 57 0 1292885.122
57 1478 57 0 1292885.206
57 1479 57 0 1292885.208
57 1482 57 0 1292885.211
57 1486 57 0 1292885.215
57 1514 57 0 1292886.312
57 1515 57 0 1292886.313
57 1518 57 0 1292886.317
57 1522 57 0 1292886.321
57 1541 57 0 1292886.649
57 1542 57 0 1292886.65
57 1545 57 0 1292886.654
57 1549 57 0 1292886.658
57 1557 57 0 1292886.681
57 1558 57 0 1292886.682
57 1561 57 0 1292886.685
57 1565 57 0 1292886.689
57 1596 57 0 1292887.259
57 1597 57 0 1292887.261
57 1600 57 0 1292887.266
57 1604 57 0 1292887.27
57 1612 57 0 1292887.293
57 1613 57 0 1292887.294
57 1616 57 0 1292887.297
57 1620 57 0 1292887.301
58 1053 58 0 1292876.514
58 1069 58 0 1292876.538
58 1126 58 0 1292877.831
58 1174 58 0 1292878.99
58 1190 58 0 1292879.08
58 1226 58 0 1292880.199
58 1242 58 0 1292880.295
58 1278 58 0 1292881.409
58 1305 58 0 1292881.75
58 1321 58 0 1292881.784
58 1362 58 0 1292882.784
58 1410 58 0 1292883.913
58 1426 58 0 1292884.002
58 1462 58 0 1292885.112
58 1478 58 0 1292885.206
58 1514 58 0 1292886.312
58 1541 58 0 1292886.649
58 1557 58 0 1292886.681
58 1596 58 0 1292887.259
58 1612 58 0 1292887.293
59 1053 59 0 1292876.514
59 1054 59 0 1292876.516
59 1057 59 0 1292876.52
59 1061 59 0 1292876.524
59 1069 59 0 1292876.538
59 1070 59 0 1292876.538
59 1073 59 0 1292876.542
59 1077 59 0 1292876.546
59 1126 59 0 1292877.831
59 1127 59 0 1292877.831
59 1130 59 0 1292877.839
59 1134 59 0 1292877.843
59 1174 59 0 1292878.99
59 1175 59 0 1292878.99
59 1178 59 0 1292878.997
59 1182 59 0 1292879.001
59 1190 59 0 1292879.08
59 1191 59 0 1292879.08
59 1194 59 0 1292879.085
59 1198 59 0 1292879.09
59 1226 59 0 1292880.199
59 1227 59 0 1292880.199
59 1230 59 0 1292880.204
59 1234 59 0 1292880.208
59 1242 59 0 1292880.295
59 1243 59 0 1292880.295
59 1246 59 0 1292880.299
59 1250 59 0 1292880.303
59 1278 59 0 1292881.409
59 1279 59 0 1292881.409
59 1282 59 0 1292881.413
59 1286 59 0 1292881.417
59 1305 59 0 1292881.75
59 1306 59 0 1292881.751
59 1309 59 0 1292881.755
59 1313 59 0 1292881.76
59 1321 59 0 1292881.784
59 1322 59 0 1292881.784
59 1325 59 0 1292881.793
59 1329 59 0 1292881.797
59 1362 59 0 1292882.784
59 1363 59 0 1292882.784
59 1366 59 0 1292882.789
59 1370 59 0 1292882.793
59 1410 59 0 1292883.913
59 1411 59 0 1292883.913
59 1414 59 0 1292883.919
59 1418 59 0 1292883.922
59 1426 59 0 1292884.002
59 1427 59 0 1292884.002
59 1430 59 0 1292884.007
59 1434 59 0 1292884.011
59 1462 59 0 1292885.112
59 1463 59 0 1292885.112
59 1466 59 0 1292885.117
59 1470 59 0 1292885.122
59 1478 59 0 1292885.206
59 1479 59 0 1292885.206
59 1482 59 0 1292885.211
59 1486 59 0 1292885.215
59 1514 59 0 1292886.312
59 1515 59 0 1292886.312
59 1518 59 0 1292886.317
59 1522 59 0 1292886.321
59 1541 59 0 1292886.649
59 1542 59 0 1292886.649
59 1545 59 0 1292886.654
59 1549 59 0 1292886.658
59 1557 59 0 1292886.681
59 1558 59 0 1292886.681
59 1561 59 0 1292886.685
59 1565 59 0 1292886.688
59 1596 59 0 1292887.259
59 1597 59 0 1292887.259
59 1600 59 0 1292887.266
59 1604 59 0 1292887.27
59 1612 59 0 1292887.293
59 1613 59 0 1292887.293
59 1616 59 0 1292887.297
59 1620 59 0 1292887.301
60 1053 60 0 1292876.514
60 1069 60 0 1292876.538
60 1126 60 0 1292877.831
60 1174 60 0 1292878.99
60 1190 60 0 1292879.079
60 1226 60 0 1292880.199
60 1242 60 0 1292880.295
60 1278 60 0 1292881.409
60 1305 60 0 1292881.75
60 1321 60 0 1292881.784
60 1362 60 0 1292882.784
60 1410 60 0 1292883.913
60 1426 60 0 1292884.002
60 1462 60 0 1292885.111
60 1478 60 0 1292885.206
60 1514 60 0 1292886.312
60 1541 60 0 1292886.649
60 1557 60 0 1292886.681
60 1596 60 0 1292887.259
60 1612 60 0 1292887.293
61 1053 61 0 1292876.514
61 1054 61 0 1292876.515
61 1057 61 0 1292876.52
61 1061 61 0 1292876.524
61 1069 61 0 1292876.538
61 1070 61 0 1292876.538
61 1073 61 0 1292876.542
61 1077 61 0 1292876.546
61 1126 61 0 1292877.831
61 1127 61 0 1292877.831
61 1130 61 0 1292877.839
61 1134 61 0 1292877.843
61 1174 61 0 1292878.99
61 1175 61 0 1292878.99
61 1178 61 0 1292878.997
61 1182 61 0 1292879.001
61 1190 61 0 1292879.079
61 1191 61 0 1292879.08
61 1194 61 0 1292879.085
61 1198 61 0 1292879.09
61 1226 61 0 1292880.199
61 1227 61 0 1292880.199
61 1230 61 0 1292880.204
61 1234 61 0 1292880.208
61 1242 61 0 1292880.295
61 1243 61 0 1292880.295
61 1246 61 0 1292880.299
61 1250 61 0 1292880.303
61 1278 61 0 1292881.409
61 1279 61 0 1292881.409
61 1282 61 0 1292881.413
61 1286 61 0 1292881.417
61 1305 61 0 1292881.75
61 1306 61 0 1292881.751
61 1309 61 0 1292881.755
61 1313 61 0 1292881.76
61 1321 61 0 1292881.784
61 1322 61 0 1292881.784
61 1325 61 0 1292881.793
61 1329 61 0 1292881.797
61 1362 61 0 1292882.784
61 1363 61 0 1292882.784
61 1366 61 0 1292882.789
61 1370 61 0 1292882.793
61 1410 61 0 1292883.913
61 1411 61 0 1292883.913
61 1414 61 0 1292883.918
61 1418 61 0 1292883.922
61 1426 61 0 1292884.002
61 1427 61 0 1292884.002
61 1430 61 0 1292884.007
61 1434 61 0 1292884.011
61 1462 61 0 1292885.111
61 1463 61 0 1292885.112
61 1466 61 0 1292885.117
61 1470 61 0 1292885.122
61 1478 61 0 1292885.206
61 1479 61 0 1292885.206
61 1482 61 0 1292885.211
61 1486 61 0 1292885.215
61 1514 61 0 1292886.312
61 1515 61 0 1292886.312
61 1518 61 0 1292886.317
61 1522 61 0 1292886.321
61 1541 61 0 1292886.649
61 1542 61 0 1292886.649
61 1545 61 0 1292886.654
61 1549 61 0 1292886.658
61 1557 61 0 1292886.681
61 1558 61 0 1292886.681
61 1561 61 0 1292886.685
61 1565 61 0 1292886.688
61 1596 61 0 1292887.259
61 1597 61 0 1292887.259
61 1600 61 0 1292887.266
61 1604 61 0 1292887.27
61 1612 61 0 1292887.293
61 1613 61 0 1292887.293
61 1616 61 0 1292887.297
61 1620 61 0 1292887.301
62 1053 62 0 1292876.514
62 1069 62 0 1292876.538
62 1126 62 0 1292877.831
62 1174 62 0 1292878.99
62 1190 62 0 1292879.079
62 1226 62 0 1292880.199
62 1242 62 0 1292880.295
62 1278 62 0 1292881.409
62 1305 62 0 1292881.75
62 1321 62 0 1292881.784
62 1362 62 0 1292882.784
62 1410 62 0 1292883.913
62 1426 62 0 1292884.002
62 1462 62 0 1292885.111
62 1478 62 0 1292885.206
62 1514 62 0 1292886.312
62 1541 62 0 1292886.649
62 1557 62 0 1292886.681
62 1596 62 0 1292887.259
62 1612 62 0 1292887.293
63 1053 63 0 1292876.514
63 1054 63 0 1292876.514
63 1057 63 0 1292876.52
63 1061 63 0 1292876.524
63 1069 63 0 1292876.538
63 1070 63 0 1292876.538
63 1073 63 0 1292876.542
63 1077 63 0 1292876.546
63 1126 63 0 1292877.831
63 1127 63 0 1292877.831
63 1130 63 0 1292877.839
63 1134 63 0 1292877.843
63 1174 63 0 1292878.99
63 1175 63 0 1292878.99
63 1178 63 0 1292878.997
63 1182 63 0 1292879.001
63 1190 63 0 1292879.079
63 1191 63 0 1292879.08
63 1194 63 0 1292879.085
63 1198 63 0 1292879.09
63 1226 63 0 1292880.199
63 1227 63 0 1292880.199
63 1230 63 0 1292880.204
63 1234 63 0 1292880.208
63 1242 63 0 1292880.295
63 1243 63 0 1292880.295
63 1246 63 0 1292880.299
63 1250 63 0 1292880.303
63 1278 63 0 1292881.409
63 1279 63 0 1292881.409
63 1282 63 0 1292881.413
63 1286 63 0 1292881.416
63 1305 63 0 1292881.75
63 1306 63 0 1292881.751
63 1309 63 0 1292881.755
63 1313 63 0 1292881.76
63 1321 63 0 1292881.784
63 1322 63 0 1292881.784
63 1325 63 0 1292881.793
63 1329 63 0 1292881.797
63 1362 63 0 1292882.784
63 1363 63 0 1292882.784
63 1366 63 0 1292882.789
63 1370 63 0 1292882.793
63 1410 63 0 1292883.913
63 1411 63 0 1292883.913
63 1414 63 0 1292883.918
63 1418 63 0 1292883.922
63 1426 63 0 1292884.002
63 1427 63 0 1292884.002
63 1430 63 0 1292884.007
63 1434 63 0 1292884.011
63 1462 63 0 1292885.111
63 1463 63 0 1292885.112
63 1466 63 0 1292885.117
63 1470 63 0 1292885.122
63 1478 63 0 1292885.206
63 1479 63 0 1292885.206
63 1482 63 0 1292885.211
63 1486 63 0 1292885.215
63 1514 63 0 1292886.312
63 1515 63 0 1292886.312
63 1518 63 0 1292886.317
63 1522 63 0 1292886.321
63 1541 63 0 1292886.649
63 1542 63 0 1292886.649
63 1545 63 0 1292886.654
63 1549 63 0 1292886.658
63 1557 63 0 1292886.681
63 1558 63 0 1292886.681
63 1561 63 0 1292886.685
63 1565 63 0 1292886.688
63 1596 63 0 1292887.259
63 1597 63 0 1292887.259
63 1600 63 0 1292887.266
63 1604 63 0 1292887.27
63 1612 63 0 1292887.293
63 1613 63 0 1292887.293
63 1616 63 0 1292887.297
63 1620 63 0 1292887.301