rank tag source timestamp
0 1000 1 1292874.485
0 1000 2 1292874.485
0 1000 3 1292874.485
0 1000 4 1292874.485
0 1000 5 1292874.485
0 1000 6 1292874.485
0 1000 7 1292874.485
0 1001 1 1292874.49
0 1001 2 1292874.49
0 1001 3 1292874.49
0 1001 4 1292874.49
0 1001 5 1292874.49
0 1001 6 1292874.49
0 1001 7 1292874.49
0 1002 1 1292874.536
0 1002 2 1292874.536
0 1002 3 1292874.536
0 1002 4 1292874.536
0 1002 5 1292874.536
0 1002 6 1292874.536
0 1002 7 1292874.536
0 1003 1 1292874.539
0 1003 2 1292874.539
0 1003 3 1292874.539
0 1003 4 1292874.539
0 1003 5 1292874.539
0 1003 6 1292874.539
0 1003 7 1292874.539
0 1004 1 1292874.541
0 1004 2 1292874.541
0 1004 3 1292874.541
0 1004 4 1292874.541
0 1004 5 1292874.541
0 1004 6 1292874.541
0 1004 7 1292874.541
0 1005 1 1292874.543
0 1005 2 1292874.543
0 1005 3 1292874.543
0 1005 4 1292874.543
0 1005 5 1292874.543
0 1005 6 1292874.544
0 1005 7 1292874.544
0 1006 1 1292874.546
0 1006 2 1292874.546
0 1006 3 1292874.546
0 1006 4 1292874.546
0 1006 5 1292874.546
0 1006 6 1292874.546
0 1006 7 1292874.546
0 1007 1 1292874.548
0 1007 2 1292874.548
0 1007 3 1292874.548
0 1007 4 1292874.548
0 1007 5 1292874.548
0 1007 6 1292874.548
0 1007 7 1292874.548
0 1008 1 1292874.601
0 1008 2 1292874.601
0 1008 3 1292874.601
0 1008 4 1292874.601
0 1008 5 1292874.601
0 1008 6 1292874.601
0 1008 7 1292874.601
0 1009 1 1292874.606
0 1009 2 1292874.606
0 1009 3 1292874.606
0 1009 4 1292874.606
0 1009 5 1292874.606
0 1009 6 1292874.606
0 1009 7 1292874.606
0 1010 1 1292874.657
0 1010 2 1292874.657
0 1010 3 1292874.657
0 1010 4 1292874.657
0 1010 5 1292874.657
0 1010 6 1292874.657
0 1010 7 1292874.657
0 1011 1 1292874.66
0 1011 2 1292874.66
0 1011 3 1292874.66
0 1011 4 1292874.66
0 1011 5 1292874.66
0 1011 6 1292874.66
0 1011 7 1292874.66
0 1012 1 1292874.663
0 1012 2 1292874.663
0 1012 3 1292874.663
0 1012 4 1292874.663
0 1012 5 1292874.663
0 1012 6 1292874.663
0 1012 7 1292874.663
0 1013 1 1292874.666
0 1013 2 1292874.666
0 1013 3 1292874.666
0 1013 4 1292874.666
0 1013 5 1292874.666
0 1013 6 1292874.666
0 1013 7 1292874.666
0 1014 1 1292874.668
0 1014 2 1292874.668
0 1014 3 1292874.668
0 1014 4 1292874.668
0 1014 5 1292874.668
0 1014 6 1292874.668
0 1014 7 1292874.668
0 1015 1 1292874.671
0 1015 2 1292874.671
0 1015 3 1292874.671
0 1015 4 1292874.671
0 1015 5 1292874.671
0 1015 6 1292874.671
0 1015 7 1292874.671
0 1016 1 1292874.721
0 1016 2 1292874.721
0 1016 3 1292874.721
0 1016 4 1292874.721
0 1016 5 1292874.721
0 1016 6 1292874.721
0 1016 7 1292874.721
0 1017 1 1292874.726
0 1017 2 1292874.726
0 1017 3 1292874.726
0 1017 4 1292874.726
0 1017 5 1292874.726
0 1017 6 1292874.726
0 1017 7 1292874.726
0 1018 1 1292874.774
0 1018 2 1292874.774
0 1018 3 1292874.774
0 1018 4 1292874.774
0 1018 5 1292874.774
0 1018 6 1292874.774
0 1018 7 1292874.774
0 1019 1 1292874.778
0 1019 2 1292874.778
0 1019 3 1292874.778
0 1019 4 1292874.778
0 1019 5 1292874.778
0 1019 6 1292874.778
0 1019 7 1292874.778
0 1020 1 1292874.781
0 1020 2 1292874.781
0 1020 3 1292874.781
0 1020 4 1292874.781
0 1020 5 1292874.781
0 1020 6 1292874.781
0 1020 7 1292874.781
0 1021 1 1292874.783
0 1021 2 1292874.783
0 1021 3 1292874.783
0 1021 4 1292874.783
0 1021 5 1292874.783
0 1021 6 1292874.783
0 1021 7 1292874.783
0 1022 1 1292874.786
0 1022 2 1292874.786
0 1022 3 1292874.786
0 1022 4 1292874.786
0 1022 5 1292874.786
0 1022 6 1292874.786
0 1022 7 1292874.786
0 1023 1 1292874.788
0 1023 2 1292874.788
0 1023 3 1292874.788
0 1023 4 1292874.788
0 1023 5 1292874.788
0 1023 6 1292874.788
0 1023 7 1292874.788
0 1024 1 1292874.792
0 1024 2 1292874.792
0 1024 3 1292874.792
0 1024 4 1292874.792
0 1024 5 1292874.792
0 1024 6 1292874.792
0 1024 7 1292874.792
0 1025 1 1292874.795
0 1025 2 1292874.795
0 1025 3 1292874.795
0 1025 4 1292874.795
0 1025 5 1292874.795
0 1025 6 1292874.795
0 1025 7 1292874.795
0 1026 1 1292874.832
0 1026 2 1292874.832
0 1026 3 1292874.832
0 1026 4 1292874.832
0 1026 5 1292874.832
0 1026 6 1292874.832
0 1026 7 1292874.832
0 1027 1 1292874.835
0 1027 2 1292874.835
0 1027 3 1292874.835
0 1027 4 1292874.835
0 1027 5 1292874.835
0 1027 6 1292874.835
0 1027 7 1292874.835
0 1028 1 1292874.838
0 1028 2 1292874.838
0 1028 3 1292874.838
0 1028 4 1292874.838
0 1028 5 1292874.838
0 1028 6 1292874.838
0 1028 7 1292874.838
0 1029 1 1292874.839
0 1029 2 1292874.839
0 1029 3 1292874.839
0 1029 4 1292874.839
0 1029 5 1292874.839
0 1029 6 1292874.839
0 1029 7 1292874.839
0 1030 1 1292874.842
0 1030 2 1292874.842
0 1030 3 1292874.842
0 1030 4 1292874.842
0 1030 5 1292874.842
0 1030 6 1292874.842
0 1030 7 1292874.842
0 1031 1 1292874.844
0 1031 2 1292874.844
0 1031 3 1292874.844
0 1031 4 1292874.844
0 1031 5 1292874.844
0 1031 6 1292874.844
0 1031 7 1292874.844
0 1032 7 1292874.939
0 1034 7 1292874.942
0 1036 7 1292874.947
0 1038 7 1292874.95
0 1040 1 1292875.131
0 1040 2 1292875.131
0 1040 3 1292875.131
0 1040 4 1292875.131
0 1040 5 1292875.131
0 1040 6 1292875.131
0 1040 7 1292875.131
0 1049 1 1292876.281
0 1049 2 1292876.281
0 1049 3 1292876.281
0 1049 4 1292876.281
0 1049 5 1292876.281
0 1049 6 1292876.281
0 1049 7 1292876.281
0 1050 1 1292876.282
0 1050 2 1292876.282
0 1050 3 1292876.282
0 1050 4 1292876.282
0 1050 5 1292876.282
0 1050 6 1292876.282
0 1050 7 1292876.282
0 1051 1 1292876.284
0 1051 2 1292876.284
0 1051 3 1292876.284
0 1051 4 1292876.284
0 1051 5 1292876.284
0 1051 6 1292876.284
0 1051 7 1292876.284
0 1053 8 1292876.294
0 1053 9 1292876.294
0 1053 10 1292876.294
0 1053 11 1292876.294
0 1053 12 1292876.294
0 1053 13 1292876.294
0 1053 14 1292876.294
0 1053 15 1292876.294
0 1053 24 1292876.294
0 1053 25 1292876.294
0 1053 26 1292876.294
0 1053 27 1292876.294
0 1053 28 1292876.294
0 1053 29 1292876.294
0 1053 30 1292876.294
0 1053 31 1292876.294
0 1053 40 1292876.294
0 1053 41 1292876.294
0 1053 42 1292876.294
0 1053 43 1292876.294
0 1053 44 1292876.294
0 1053 45 1292876.294
0 1053 46 1292876.294
0 1053 47 1292876.294
0 1053 56 1292876.294
0 1053 57 1292876.294
0 1053 58 1292876.294
0 1053 59 1292876.294
0 1053 60 1292876.294
0 1053 61 1292876.294
0 1053 62 1292876.294
0 1053 63 1292876.294
0 1054 9 1292876.296
0 1054 11 1292876.296
0 1054 13 1292876.296
0 1054 15 1292876.296
0 1054 25 1292876.296
0 1054 27 1292876.296
0 1054 29 1292876.296
0 1054 31 1292876.296
0 1054 41 1292876.296
0 1054 43 1292876.296
0 1054 45 1292876.296
0 1054 47 1292876.296
0 1054 57 1292876.296
0 1054 59 1292876.296
0 1054 61 1292876.296
0 1054 63 1292876.296
0 1055 2 1292876.297
0 1055 4 1292876.297
0 1055 5 1292876.297
0 1056 1 1292876.298
0 1056 2 1292876.298
0 1056 3 1292876.298
0 1056 4 1292876.298
0 1056 5 1292876.298
0 1056 6 1292876.298
0 1056 7 1292876.298
0 1057 9 1292876.3
0 1057 11 1292876.3
0 1057 13 1292876.3
0 1057 15 1292876.3
0 1057 25 1292876.3
0 1057 27 1292876.3
0 1057 29 1292876.3
0 1057 31 1292876.3
0 1057 41 1292876.3
0 1057 43 1292876.3
0 1057 45 1292876.3
0 1057 47 1292876.3
0 1057 57 1292876.3
0 1057 59 1292876.3
0 1057 61 1292876.3
0 1057 63 1292876.3
0 1059 2 1292876.302
0 1059 4 1292876.302
0 1059 5 1292876.302
0 1060 1 1292876.303
0 1060 2 1292876.303
0 1060 3 1292876.303
0 1060 4 1292876.303
0 1060 5 1292876.303
0 1060 6 1292876.303
0 1060 7 1292876.303
0 1061 9 1292876.304
0 1061 11 1292876.304
0 1061 13 1292876.304
0 1061 15 1292876.304
0 1061 25 1292876.304
0 1061 27 1292876.304
0 1061 29 1292876.304
0 1061 31 1292876.304
0 1061 41 1292876.304
0 1061 43 1292876.304
0 1061 45 1292876.304
0 1061 47 1292876.304
0 1061 57 1292876.304
0 1061 59 1292876.304
0 1061 61 1292876.304
0 1061 63 1292876.304
0 1063 2 1292876.305
0 1063 4 1292876.305
0 1063 5 1292876.305
0 1064 1 1292876.306
0 1064 2 1292876.306
0 1064 3 1292876.306
0 1064 4 1292876.306
0 1064 5 1292876.306
0 1064 6 1292876.306
0 1064 7 1292876.306
0 1065 1 1292876.307
0 1065 2 1292876.307
0 1065 3 1292876.307
0 1065 4 1292876.307
0 1065 5 1292876.307
0 1065 6 1292876.307
0 1065 7 1292876.307
0 1066 1 1292876.308
0 1066 2 1292876.308
0 1066 3 1292876.308
0 1066 4 1292876.308
0 1066 5 1292876.308
0 1066 6 1292876.308
0 1066 7 1292876.308
0 1067 1 1292876.309
0 1067 2 1292876.309
0 1067 3 1292876.309
0 1067 4 1292876.309
0 1067 5 1292876.309
0 1067 6 1292876.309
0 1067 7 1292876.309
0 1069 8 1292876.318
0 1069 9 1292876.318
0 1069 10 1292876.318
0 1069 11 1292876.318
0 1069 12 1292876.318
0 1069 13 1292876.318
0 1069 14 1292876.318
0 1069 15 1292876.318
0 1069 24 1292876.318
0 1069 25 1292876.318
0 1069 26 1292876.318
0 1069 27 1292876.318
0 1069 28 1292876.318
0 1069 29 1292876.318
0 1069 30 1292876.318
0 1069 31 1292876.318
0 1069 40 1292876.318
0 1069 41 1292876.318
0 1069 42 1292876.318
0 1069 43 1292876.318
0 1069 44 1292876.318
0 1069 45 1292876.318
0 1069 46 1292876.318
0 1069 47 1292876.318
0 1069 56 1292876.318
0 1069 57 1292876.318
0 1069 58 1292876.318
0 1069 59 1292876.318
0 1069 60 1292876.318
0 1069 61 1292876.318
0 1069 62 1292876.318
0 1069 63 1292876.318
0 1070 9 1292876.319
0 1070 11 1292876.319
0 1070 13 1292876.319
0 1070 15 1292876.319
0 1070 25 1292876.319
0 1070 27 1292876.319
0 1070 29 1292876.319
0 1070 31 1292876.319
0 1070 41 1292876.319
0 1070 43 1292876.319
0 1070 45 1292876.319
0 1070 47 1292876.319
0 1070 57 1292876.319
0 1070 59 1292876.319
0 1070 61 1292876.319
0 1070 63 1292876.319
0 1071 2 1292876.32
0 1071 4 1292876.32
0 1071 5 1292876.32
0 1072 1 1292876.321
0 1072 2 1292876.321
0 1072 3 1292876.321
0 1072 4 1292876.321
0 1072 5 1292876.321
0 1072 6 1292876.321
0 1072 7 1292876.321
0 1073 9 1292876.322
0 1073 11 1292876.322
0 1073 13 1292876.322
0 1073 15 1292876.322
0 1073 25 1292876.322
0 1073 27 1292876.322
0 1073 29 1292876.322
0 1073 31 1292876.322
0 1073 41 1292876.322
0 1073 43 1292876.322
0 1073 45 1292876.322
0 1073 47 1292876.322
0 1073 57 1292876.322
0 1073 59 1292876.322
0 1073 61 1292876.322
0 1073 63 1292876.322
0 1075 2 1292876.323
0 1075 4 1292876.323
0 1075 5 1292876.323
0 1076 1 1292876.324
0 1076 2 1292876.324
0 1076 3 1292876.324
0 1076 4 1292876.324
0 1076 5 1292876.324
0 1076 6 1292876.324
0 1076 7 1292876.324
0 1077 9 1292876.326
0 1077 11 1292876.326
0 1077 13 1292876.326
0 1077 15 1292876.326
0 1077 25 1292876.326
0 1077 27 1292876.326
0 1077 29 1292876.326
0 1077 31 1292876.326
0 1077 41 1292876.326
0 1077 43 1292876.326
0 1077 45 1292876.326
0 1077 47 1292876.326
0 1077 57 1292876.326
0 1077 59 1292876.326
0 1077 61 1292876.326
0 1077 63 1292876.326
0 1079 2 1292876.327
0 1079 4 1292876.327
0 1079 5 1292876.327
0 1080 1 1292876.328
0 1080 2 1292876.328
0 1080 3 1292876.328
0 1080 4 1292876.328
0 1080 5 1292876.328
0 1080 6 1292876.328
0 1080 7 1292876.328
0 1081 1 1292876.329
0 1081 2 1292876.329
0 1081 3 1292876.329
0 1081 4 1292876.329
0 1081 5 1292876.329
0 1081 6 1292876.329
0 1081 7 1292876.329
0 1082 1 1292876.329
0 1082 2 1292876.329
0 1082 3 1292876.329
0 1082 4 1292876.329
0 1082 5 1292876.329
0 1082 6 1292876.329
0 1082 7 1292876.329
0 1083 1 1292876.33
0 1083 2 1292876.33
0 1083 3 1292876.33
0 1083 4 1292876.33
0 1083 5 1292876.33
0 1083 6 1292876.33
0 1083 7 1292876.33
0 1100 1 1292876.402
0 1100 2 1292876.402
0 1100 3 1292876.402
0 1100 4 1292876.402
0 1100 5 1292876.402
0 1100 6 1292876.402
0 1100 7 1292876.402
0 1101 1 1292876.403
0 1101 2 1292876.403
0 1101 3 1292876.403
0 1101 4 1292876.403
0 1101 5 1292876.403
0 1101 6 1292876.403
0 1101 7 1292876.403
0 1102 1 1292876.404
0 1102 2 1292876.404
0 1102 3 1292876.404
0 1102 4 1292876.404
0 1102 5 1292876.404
0 1102 6 1292876.404
0 1102 7 1292876.404
0 1103 1 1292876.405
0 1103 2 1292876.405
0 1103 3 1292876.405
0 1103 4 1292876.405
0 1103 5 1292876.405
0 1103 6 1292876.405
0 1103 7 1292876.405
0 1104 1 1292876.414
0 1104 2 1292876.414
0 1104 3 1292876.414
0 1104 4 1292876.414
0 1104 5 1292876.414
0 1104 6 1292876.414
0 1104 7 1292876.414
0 1105 1 1292876.447
0 1105 2 1292876.447
0 1105 3 1292876.447
0 1105 4 1292876.447
0 1105 5 1292876.447
0 1105 6 1292876.447
0 1105 7 1292876.447
0 1106 1 1292876.717
0 1106 2 1292876.717
0 1106 3 1292876.717
0 1106 4 1292876.717
0 1106 5 1292876.717
0 1106 6 1292876.717
0 1106 7 1292876.717
0 1107 1 1292876.723
0 1107 2 1292876.723
0 1107 3 1292876.723
0 1107 4 1292876.723
0 1107 5 1292876.723
0 1107 6 1292876.723
0 1107 7 1292876.723
0 1108 1 1292876.732
0 1108 2 1292876.732
0 1108 3 1292876.732
0 1108 4 1292876.732
0 1108 5 1292876.732
0 1108 6 1292876.732
0 1108 7 1292876.732
0 1109 7 1292877.293
0 1110 6 1292877.32
0 1110 7 1292877.32
0 1111 7 1292877.33
0 1112 5 1292877.33
0 1112 7 1292877.33
0 1113 7 1292877.339
0 1114 3 1292877.34
0 1114 7 1292877.34
0 1115 1 1292877.382
0 1115 2 1292877.382
0 1115 3 1292877.382
0 1115 4 1292877.382
0 1115 5 1292877.382
0 1115 6 1292877.382
0 1115 7 1292877.382
0 1116 7 1292877.527
0 1117 6 1292877.527
0 1117 7 1292877.527
0 1118 7 1292877.528
0 1119 5 1292877.528
0 1119 7 1292877.528
0 1120 7 1292877.531
0 1121 3 1292877.531
0 1121 7 1292877.531
0 1122 1 1292877.531
0 1122 2 1292877.531
0 1122 3 1292877.531
0 1122 4 1292877.531
0 1122 5 1292877.531
0 1122 6 1292877.531
0 1122 7 1292877.531
0 1123 1 1292877.531
0 1123 2 1292877.531
0 1123 3 1292877.531
0 1123 4 1292877.531
0 1123 5 1292877.531
0 1123 6 1292877.531
0 1123 7 1292877.531
0 1124 1 1292877.532
0 1124 2 1292877.532
0 1124 3 1292877.532
0 1124 4 1292877.532
0 1124 5 1292877.532
0 1124 6 1292877.532
0 1124 7 1292877.532
0 1126 8 1292877.611
0 1126 9 1292877.611
0 1126 10 1292877.611
0 1126 11 1292877.611
0 1126 12 1292877.611
0 1126 13 1292877.611
0 1126 14 1292877.611
0 1126 15 1292877.611
0 1126 24 1292877.611
0 1126 25 1292877.611
0 1126 26 1292877.611
0 1126 27 1292877.611
0 1126 28 1292877.611
0 1126 29 1292877.611
0 1126 30 1292877.611
0 1126 31 1292877.611
0 1126 40 1292877.611
0 1126 41 1292877.611
0 1126 42 1292877.611
0 1126 43 1292877.611
0 1126 44 1292877.611
0 1126 45 1292877.611
0 1126 46 1292877.611
0 1126 47 1292877.611
0 1126 56 1292877.611
0 1126 57 1292877.611
0 1126 58 1292877.611
0 1126 59 1292877.611
0 1126 60 1292877.611
0 1126 61 1292877.611
0 1126 62 1292877.611
0 1126 63 1292877.611
0 1127 9 1292877.612
0 1127 11 1292877.613
0 1127 13 1292877.613
0 1127 15 1292877.613
0 1127 25 1292877.613
0 1127 27 1292877.613
0 1127 29 1292877.613
0 1127 31 1292877.613
0 1127 41 1292877.613
0 1127 43 1292877.613
0 1127 45 1292877.613
0 1127 47 1292877.613
0 1127 57 1292877.613
0 1127 59 1292877.613
0 1127 61 1292877.613
0 1127 63 1292877.613
0 1128 2 1292877.613
0 1128 4 1292877.613
0 1128 5 1292877.613
0 1129 1 1292877.618
0 1129 2 1292877.618
0 1129 3 1292877.618
0 1129 4 1292877.618
0 1129 5 1292877.618
0 1129 6 1292877.618
0 1129 7 1292877.618
0 1130 9 1292877.619
0 1130 11 1292877.619
0 1130 13 1292877.619
0 1130 15 1292877.619
0 1130 25 1292877.619
0 1130 27 1292877.619
0 1130 29 1292877.619
0 1130 31 1292877.619
0 1130 41 1292877.619
0 1130 43 1292877.619
0 1130 45 1292877.619
0 1130 47 1292877.619
0 1130 57 1292877.619
0 1130 59 1292877.619
0 1130 61 1292877.619
0 1130 63 1292877.619
0 1132 2 1292877.62
0 1132 4 1292877.62
0 1132 5 1292877.62
0 1133 1 1292877.622
0 1133 2 1292877.622
0 1133 3 1292877.622
0 1133 4 1292877.622
0 1133 5 1292877.622
0 1133 6 1292877.622
0 1133 7 1292877.622
0 1134 9 1292877.623
0 1134 11 1292877.623
0 1134 13 1292877.623
0 1134 15 1292877.623
0 1134 25 1292877.623
0 1134 27 1292877.623
0 1134 29 1292877.623
0 1134 31 1292877.623
0 1134 41 1292877.623
0 1134 43 1292877.623
0 1134 45 1292877.623
0 1134 47 1292877.623
0 1134 57 1292877.623
0 1134 59 1292877.623
0 1134 61 1292877.623
0 1134 63 1292877.623
0 1136 2 1292877.625
0 1136 4 1292877.625
0 1136 5 1292877.625
0 1137 1 1292877.626
0 1137 2 1292877.626
0 1137 3 1292877.626
0 1137 4 1292877.626
0 1137 5 1292877.626
0 1137 6 1292877.626
0 1137 7 1292877.626
0 1138 1 1292877.627
0 1138 2 1292877.627
0 1138 3 1292877.627
0 1138 4 1292877.627
0 1138 5 1292877.627
0 1138 6 1292877.627
0 1138 7 1292877.627
0 1139 1 1292877.628
0 1139 2 1292877.628
0 1139 3 1292877.628
0 1139 4 1292877.628
0 1139 5 1292877.628
0 1139 6 1292877.628
0 1139 7 1292877.628
0 1140 1 1292877.628
0 1140 2 1292877.628
0 1140 3 1292877.628
0 1140 4 1292877.628
0 1140 5 1292877.628
0 1140 6 1292877.628
0 1140 7 1292877.628
0 1141 1 1292877.63
0 1141 2 1292877.63
0 1141 3 1292877.63
0 1141 4 1292877.63
0 1141 5 1292877.63
0 1141 6 1292877.63
0 1141 7 1292877.63
0 1142 1 1292877.637
0 1142 2 1292877.637
0 1142 3 1292877.637
0 1142 4 1292877.637
0 1142 5 1292877.637
0 1142 6 1292877.637
0 1142 7 1292877.637
0 1143 1 1292877.651
0 1143 2 1292877.651
0 1143 3 1292877.651
0 1143 4 1292877.651
0 1143 5 1292877.651
0 1143 6 1292877.651
0 1143 7 1292877.651
0 1144 1 1292877.652
0 1144 3 1292877.652
0 1144 5 1292877.652
0 1144 7 1292877.652
0 1145 2 1292877.653
0 1145 3 1292877.653
0 1145 6 1292877.653
0 1145 7 1292877.653
0 1146 4 1292877.654
0 1146 5 1292877.654
0 1146 6 1292877.654
0 1146 7 1292877.654
0 1147 1 1292877.655
0 1147 2 1292877.655
0 1147 3 1292877.655
0 1147 4 1292877.655
0 1147 5 1292877.655
0 1147 6 1292877.655
0 1147 7 1292877.655
0 1148 1 1292877.655
0 1148 2 1292877.655
0 1148 3 1292877.655
0 1148 4 1292877.655
0 1148 5 1292877.655
0 1148 6 1292877.655
0 1148 7 1292877.655
0 1149 1 1292877.656
0 1149 2 1292877.656
0 1149 3 1292877.656
0 1149 4 1292877.656
0 1149 5 1292877.656
0 1149 6 1292877.656
0 1149 7 1292877.656
0 1150 1 1292877.674
0 1150 2 1292877.674
0 1150 3 1292877.674
0 1150 4 1292877.674
0 1150 5 1292877.674
0 1150 6 1292877.674
0 1150 7 1292877.674
0 1151 1 1292877.942
0 1151 2 1292877.942
0 1151 3 1292877.942
0 1151 4 1292877.942
0 1151 5 1292877.942
0 1151 6 1292877.942
0 1151 7 1292877.942
0 1152 1 1292877.949
0 1152 2 1292877.949
0 1152 3 1292877.949
0 1152 4 1292877.949
0 1152 5 1292877.949
0 1152 6 1292877.949
0 1152 7 1292877.949
0 1153 1 1292877.958
0 1153 2 1292877.958
0 1153 3 1292877.958
0 1153 4 1292877.958
0 1153 5 1292877.958
0 1153 6 1292877.958
0 1153 7 1292877.958
0 1154 7 1292878.562
0 1155 6 1292878.562
0 1155 7 1292878.562
0 1156 7 1292878.571
0 1157 5 1292878.572
0 1157 7 1292878.572
0 1158 7 1292878.58
0 1159 3 1292878.581
0 1159 7 1292878.581
0 1160 1 1292878.594
0 1160 2 1292878.594
0 1160 3 1292878.594
0 1160 4 1292878.594
0 1160 5 1292878.594
0 1160 6 1292878.594
0 1160 7 1292878.594
0 1161 1 1292878.594
0 1161 3 1292878.594
0 1161 5 1292878.594
0 1161 7 1292878.594
0 1162 2 1292878.595
0 1162 3 1292878.595
0 1162 6 1292878.595
0 1162 7 1292878.595
0 1163 4 1292878.596
0 1163 5 1292878.596
0 1163 6 1292878.596
0 1163 7 1292878.596
0 1164 1 1292878.596
0 1164 2 1292878.596
0 1164 3 1292878.596
0 1164 4 1292878.596
0 1164 5 1292878.596
0 1164 6 1292878.596
0 1164 7 1292878.596
0 1165 1 1292878.596
0 1165 2 1292878.596
0 1165 3 1292878.596
0 1165 4 1292878.596
0 1165 5 1292878.596
0 1165 6 1292878.596
0 1165 7 1292878.596
0 1166 1 1292878.597
0 1166 2 1292878.597
0 1166 3 1292878.597
0 1166 4 1292878.597
0 1166 5 1292878.597
0 1166 6 1292878.597
0 1166 7 1292878.597
0 1167 1 1292878.614
0 1167 2 1292878.614
0 1167 3 1292878.614
0 1167 4 1292878.614
0 1167 5 1292878.614
0 1167 6 1292878.614
0 1167 7 1292878.614
0 1168 7 1292878.763
0 1169 6 1292878.763
0 1169 7 1292878.763
0 1170 7 1292878.764
0 1171 5 1292878.764
0 1171 7 1292878.764
0 1172 7 1292878.766
0 1173 3 1292878.766
0 1173 7 1292878.766
0 1174 8 1292878.77
0 1174 9 1292878.77
0 1174 10 1292878.77
0 1174 11 1292878.77
0 1174 12 1292878.77
0 1174 13 1292878.77
0 1174 14 1292878.77
0 1174 15 1292878.77
0 1174 24 1292878.77
0 1174 25 1292878.77
0 1174 26 1292878.77
0 1174 27 1292878.77
0 1174 28 1292878.77
0 1174 29 1292878.77
0 1174 30 1292878.77
0 1174 31 1292878.77
0 1174 40 1292878.77
0 1174 41 1292878.77
0 1174 42 1292878.77
0 1174 43 1292878.77
0 1174 44 1292878.77
0 1174 45 1292878.77
0 1174 46 1292878.77
0 1174 47 1292878.77
0 1174 56 1292878.77
0 1174 57 1292878.77
0 1174 58 1292878.77
0 1174 59 1292878.77
0 1174 60 1292878.77
0 1174 61 1292878.77
0 1174 62 1292878.77
0 1174 63 1292878.77
0 1175 9 1292878.771
0 1175 11 1292878.771
0 1175 13 1292878.771
0 1175 15 1292878.771
0 1175 25 1292878.771
0 1175 27 1292878.771
0 1175 29 1292878.771
0 1175 31 1292878.771
0 1175 41 1292878.771
0 1175 43 1292878.771
0 1175 45 1292878.771
0 1175 47 1292878.771
0 1175 57 1292878.771
0 1175 59 1292878.771
0 1175 61 1292878.771
0 1175 63 1292878.771
0 1176 2 1292878.772
0 1176 4 1292878.772
0 1176 5 1292878.772
0 1177 1 1292878.775
0 1177 2 1292878.775
0 1177 3 1292878.775
0 1177 4 1292878.775
0 1177 5 1292878.775
0 1177 6 1292878.775
0 1177 7 1292878.775
0 1178 9 1292878.777
0 1178 11 1292878.777
0 1178 13 1292878.777
0 1178 15 1292878.777
0 1178 25 1292878.777
0 1178 27 1292878.777
0 1178 29 1292878.777
0 1178 31 1292878.777
0 1178 41 1292878.777
0 1178 43 1292878.777
0 1178 45 1292878.777
0 1178 47 1292878.777
0 1178 57 1292878.777
0 1178 59 1292878.777
0 1178 61 1292878.777
0 1178 63 1292878.777
0 1180 2 1292878.778
0 1180 4 1292878.778
0 1180 5 1292878.778
0 1181 1 1292878.779
0 1181 2 1292878.779
0 1181 3 1292878.779
0 1181 4 1292878.779
0 1181 5 1292878.779
0 1181 6 1292878.779
0 1181 7 1292878.779
0 1182 9 1292878.78
0 1182 11 1292878.781
0 1182 13 1292878.781
0 1182 15 1292878.781
0 1182 25 1292878.781
0 1182 27 1292878.781
0 1182 29 1292878.781
0 1182 31 1292878.781
0 1182 41 1292878.781
0 1182 43 1292878.781
0 1182 45 1292878.781
0 1182 47 1292878.781
0 1182 57 1292878.781
0 1182 59 1292878.781
0 1182 61 1292878.781
0 1182 63 1292878.781
0 1184 2 1292878.782
0 1184 4 1292878.782
0 1184 5 1292878.782
0 1185 1 1292878.783
0 1185 2 1292878.783
0 1185 3 1292878.783
0 1185 4 1292878.783
0 1185 5 1292878.783
0 1185 6 1292878.783
0 1185 7 1292878.783
0 1186 1 1292878.783
0 1186 2 1292878.783
0 1186 3 1292878.783
0 1186 4 1292878.783
0 1186 5 1292878.783
0 1186 6 1292878.783
0 1186 7 1292878.783
0 1187 1 1292878.784
0 1187 2 1292878.784
0 1187 3 1292878.784
0 1187 4 1292878.784
0 1187 5 1292878.784
0 1187 6 1292878.784
0 1187 7 1292878.784
0 1188 1 1292878.784
0 1188 2 1292878.784
0 1188 3 1292878.784
0 1188 4 1292878.784
0 1188 5 1292878.784
0 1188 6 1292878.784
0 1188 7 1292878.784
0 1190 8 1292878.86
0 1190 9 1292878.86
0 1190 10 1292878.86
0 1190 11 1292878.86
0 1190 12 1292878.86
0 1190 13 1292878.86
0 1190 14 1292878.86
0 1190 15 1292878.86
0 1190 24 1292878.86
0 1190 25 1292878.86
0 1190 26 1292878.86
0 1190 27 1292878.86
0 1190 28 1292878.86
0 1190 29 1292878.86
0 1190 30 1292878.86
0 1190 31 1292878.86
0 1190 40 1292878.86
0 1190 41 1292878.86
0 1190 42 1292878.86
0 1190 43 1292878.86
0 1190 44 1292878.86
0 1190 45 1292878.86
0 1190 46 1292878.86
0 1190 47 1292878.86
0 1190 56 1292878.86
0 1190 57 1292878.86
0 1190 58 1292878.86
0 1190 59 1292878.86
0 1190 60 1292878.86
0 1190 61 1292878.86
0 1190 62 1292878.86
0 1190 63 1292878.86
0 1191 9 1292878.861
0 1191 11 1292878.861
0 1191 13 1292878.861
0 1191 15 1292878.861
0 1191 25 1292878.861
0 1191 27 1292878.861
0 1191 29 1292878.861
0 1191 31 1292878.861
0 1191 41 1292878.861
0 1191 43 1292878.861
0 1191 45 1292878.861
0 1191 47 1292878.861
0 1191 57 1292878.861
0 1191 59 1292878.861
0 1191 61 1292878.861
0 1191 63 1292878.861
0 1192 2 1292878.862
0 1192 4 1292878.862
0 1192 5 1292878.862
0 1193 1 1292878.864
0 1193 2 1292878.864
0 1193 3 1292878.864
0 1193 4 1292878.864
0 1193 5 1292878.864
0 1193 6 1292878.864
0 1193 7 1292878.864
0 1194 9 1292878.865
0 1194 11 1292878.865
0 1194 13 1292878.865
0 1194 15 1292878.865
0 1194 25 1292878.865
0 1194 27 1292878.865
0 1194 29 1292878.865
0 1194 31 1292878.865
0 1194 41 1292878.865
0 1194 43 1292878.865
0 1194 45 1292878.865
0 1194 47 1292878.865
0 1194 57 1292878.865
0 1194 59 1292878.865
0 1194 61 1292878.865
0 1194 63 1292878.865
0 1196 2 1292878.867
0 1196 4 1292878.867
0 1196 5 1292878.867
0 1197 1 1292878.868
0 1197 2 1292878.868
0 1197 3 1292878.868
0 1197 4 1292878.868
0 1197 5 1292878.868
0 1197 6 1292878.868
0 1197 7 1292878.868
0 1198 9 1292878.87
0 1198 11 1292878.87
0 1198 13 1292878.87
0 1198 15 1292878.87
0 1198 25 1292878.87
0 1198 27 1292878.87
0 1198 29 1292878.87
0 1198 31 1292878.87
0 1198 41 1292878.87
0 1198 43 1292878.87
0 1198 45 1292878.87
0 1198 47 1292878.87
0 1198 57 1292878.87
0 1198 59 1292878.87
0 1198 61 1292878.87
0 1198 63 1292878.87
0 1200 2 1292878.871
0 1200 4 1292878.871
0 1200 5 1292878.871
0 1201 1 1292878.872
0 1201 2 1292878.872
0 1201 3 1292878.872
0 1201 4 1292878.872
0 1201 5 1292878.872
0 1201 6 1292878.872
0 1201 7 1292878.872
0 1202 1 1292878.873
0 1202 2 1292878.873
0 1202 3 1292878.873
0 1202 4 1292878.873
0 1202 5 1292878.873
0 1202 6 1292878.873
0 1202 7 1292878.873
0 1203 1 1292878.874
0 1203 2 1292878.874
0 1203 3 1292878.874
0 1203 4 1292878.874
0 1203 5 1292878.874
0 1203 6 1292878.874
0 1203 7 1292878.874
0 1204 1 1292878.875
0 1204 2 1292878.875
0 1204 3 1292878.875
0 1204 4 1292878.875
0 1204 5 1292878.875
0 1204 6 1292878.875
0 1204 7 1292878.875
0 1205 1 1292878.877
0 1205 2 1292878.877
0 1205 3 1292878.877
0 1205 4 1292878.877
0 1205 5 1292878.877
0 1205 6 1292878.877
0 1205 7 1292878.877
0 1206 1 1292878.884
0 1206 2 1292878.884
0 1206 3 1292878.884
0 1206 4 1292878.884
0 1206 5 1292878.884
0 1206 6 1292878.884
0 1206 7 1292878.884
0 1207 1 1292878.896
0 1207 2 1292878.896
0 1207 3 1292878.896
0 1207 4 1292878.896
0 1207 5 1292878.896
0 1207 6 1292878.896
0 1207 7 1292878.896
0 1208 1 1292878.897
0 1208 3 1292878.897
0 1208 5 1292878.897
0 1208 7 1292878.897
0 1209 2 1292878.899
0 1209 3 1292878.899
0 1209 6 1292878.899
0 1209 7 1292878.899
0 1210 4 1292878.901
0 1210 5 1292878.901
0 1210 6 1292878.901
0 1210 7 1292878.901
0 1211 1 1292878.901
0 1211 2 1292878.901
0 1211 3 1292878.901
0 1211 4 1292878.901
0 1211 5 1292878.901
0 1211 6 1292878.901
0 1211 7 1292878.901
0 1212 1 1292878.902
0 1212 2 1292878.902
0 1212 3 1292878.902
0 1212 4 1292878.902
0 1212 5 1292878.902
0 1212 6 1292878.902
0 1212 7 1292878.902
0 1213 1 1292878.902
0 1213 2 1292878.902
0 1213 3 1292878.902
0 1213 4 1292878.902
0 1213 5 1292878.902
0 1213 6 1292878.902
0 1213 7 1292878.902
0 1214 1 1292878.921
0 1214 2 1292878.921
0 1214 3 1292878.921
0 1214 4 1292878.921
0 1214 5 1292878.921
0 1214 6 1292878.921
0 1214 7 1292878.921
0 1215 1 1292879.208
0 1215 2 1292879.208
0 1215 3 1292879.208
0 1215 4 1292879.208
0 1215 5 1292879.208
0 1215 6 1292879.208
0 1215 7 1292879.208
0 1216 1 1292879.213
0 1216 2 1292879.213
0 1216 3 1292879.213
0 1216 4 1292879.213
0 1216 5 1292879.213
0 1216 6 1292879.213
0 1216 7 1292879.213
0 1217 1 1292879.219
0 1217 2 1292879.219
0 1217 3 1292879.219
0 1217 4 1292879.219
0 1217 5 1292879.219
0 1217 6 1292879.219
0 1217 7 1292879.219
0 1218 1 1292879.811
0 1218 2 1292879.811
0 1218 3 1292879.811
0 1218 4 1292879.811
0 1218 5 1292879.811
0 1218 6 1292879.811
0 1218 7 1292879.811
0 1219 1 1292879.812
0 1219 3 1292879.812
0 1219 5 1292879.812
0 1219 7 1292879.812
0 1220 2 1292879.813
0 1220 3 1292879.813
0 1220 6 1292879.813
0 1220 7 1292879.813
0 1221 4 1292879.814
0 1221 5 1292879.814
0 1221 6 1292879.814
0 1221 7 1292879.814
0 1222 1 1292879.814
0 1222 2 1292879.814
0 1222 3 1292879.814
0 1222 4 1292879.814
0 1222 5 1292879.814
0 1222 6 1292879.814
0 1222 7 1292879.814
0 1223 1 1292879.815
0 1223 2 1292879.815
0 1223 3 1292879.815
0 1223 4 1292879.815
0 1223 5 1292879.815
0 1223 6 1292879.815
0 1223 7 1292879.815
0 1224 1 1292879.815
0 1224 2 1292879.815
0 1224 3 1292879.815
0 1224 4 1292879.815
0 1224 5 1292879.815
0 1224 6 1292879.815
0 1224 7 1292879.815
0 1225 1 1292879.833
0 1225 2 1292879.833
0 1225 3 1292879.833
0 1225 4 1292879.833
0 1225 5 1292879.833
0 1225 6 1292879.833
0 1225 7 1292879.833
0 1226 8 1292879.979
0 1226 9 1292879.979
0 1226 10 1292879.979
0 1226 11 1292879.979
0 1226 12 1292879.979
0 1226 13 1292879.979
0 1226 14 1292879.979
0 1226 15 1292879.979
0 1226 24 1292879.979
0 1226 25 1292879.979
0 1226 26 1292879.979
0 1226 27 1292879.979
0 1226 28 1292879.979
0 1226 29 1292879.979
0 1226 30 1292879.979
0 1226 31 1292879.979
0 1226 40 1292879.979
0 1226 41 1292879.979
0 1226 42 1292879.979
0 1226 43 1292879.979
0 1226 44 1292879.979
0 1226 45 1292879.979
0 1226 46 1292879.979
0 1226 47 1292879.979
0 1226 56 1292879.979
0 1226 57 1292879.979
0 1226 58 1292879.979
0 1226 59 1292879.979
0 1226 60 1292879.979
0 1226 61 1292879.979
0 1226 62 1292879.979
0 1226 63 1292879.979
0 1227 9 1292879.98
0 1227 11 1292879.98
0 1227 13 1292879.98
0 1227 15 1292879.98
0 1227 25 1292879.98
0 1227 27 1292879.98
0 1227 29 1292879.98
0 1227 31 1292879.98
0 1227 41 1292879.98
0 1227 43 1292879.98
0 1227 45 1292879.98
0 1227 47 1292879.98
0 1227 57 1292879.98
0 1227 59 1292879.98
0 1227 61 1292879.98
0 1227 63 1292879.98
0 1228 2 1292879.981
0 1228 4 1292879.981
0 1228 5 1292879.981
0 1229 1 1292879.983
0 1229 2 1292879.983
0 1229 3 1292879.983
0 1229 4 1292879.983
0 1229 5 1292879.983
0 1229 6 1292879.983
0 1229 7 1292879.983
0 1230 9 1292879.984
0 1230 11 1292879.984
0 1230 13 1292879.984
0 1230 15 1292879.984
0 1230 25 1292879.984
0 1230 27 1292879.984
0 1230 29 1292879.984
0 1230 31 1292879.984
0 1230 41 1292879.984
0 1230 43 1292879.984
0 1230 45 1292879.984
0 1230 47 1292879.984
0 1230 57 1292879.984
0 1230 59 1292879.984
0 1230 61 1292879.984
0 1230 63 1292879.984
0 1232 2 1292879.985
0 1232 4 1292879.985
0 1232 5 1292879.985
0 1233 1 1292879.987
0 1233 2 1292879.987
0 1233 3 1292879.987
0 1233 4 1292879.987
0 1233 5 1292879.987
0 1233 6 1292879.987
0 1233 7 1292879.987
0 1234 9 1292879.988
0 1234 11 1292879.988
0 1234 13 1292879.988
0 1234 15 1292879.988
0 1234 25 1292879.988
0 1234 27 1292879.988
0 1234 29 1292879.988
0 1234 31 1292879.988
0 1234 41 1292879.988
0 1234 43 1292879.988
0 1234 45 1292879.988
0 1234 47 1292879.988
0 1234 57 1292879.988
0 1234 59 1292879.988
0 1234 61 1292879.988
0 1234 63 1292879.988
0 1236 2 1292879.989
0 1236 4 1292879.989
0 1236 5 1292879.989
0 1237 1 1292879.99
0 1237 2 1292879.99
0 1237 3 1292879.99
0 1237 4 1292879.99
0 1237 5 1292879.99
0 1237 6 1292879.99
0 1237 7 1292879.99
0 1238 1 1292879.991
0 1238 2 1292879.991
0 1238 3 1292879.991
0 1238 4 1292879.991
0 1238 5 1292879.991
0 1238 6 1292879.991
0 1238 7 1292879.991
0 1239 1 1292879.992
0 1239 2 1292879.992
0 1239 3 1292879.992
0 1239 4 1292879.992
0 1239 5 1292879.992
0 1239 6 1292879.992
0 1239 7 1292879.992
0 1240 1 1292879.992
0 1240 2 1292879.992
0 1240 3 1292879.992
0 1240 4 1292879.992
0 1240 5 1292879.992
0 1240 6 1292879.992
0 1240 7 1292879.992
0 1242 8 1292880.075
0 1242 9 1292880.075
0 1242 10 1292880.075
0 1242 11 1292880.075
0 1242 12 1292880.075
0 1242 13 1292880.075
0 1242 14 1292880.075
0 1242 15 1292880.075
0 1242 24 1292880.075
0 1242 25 1292880.075
0 1242 26 1292880.075
0 1242 27 1292880.075
0 1242 28 1292880.075
0 1242 29 1292880.075
0 1242 30 1292880.075
0 1242 31 1292880.075
0 1242 40 1292880.075
0 1242 41 1292880.075
0 1242 42 1292880.075
0 1242 43 1292880.075
0 1242 44 1292880.075
0 1242 45 1292880.075
0 1242 46 1292880.075
0 1242 47 1292880.075
0 1242 56 1292880.075
0 1242 57 1292880.075
0 1242 58 1292880.075
0 1242 59 1292880.075
0 1242 60 1292880.075
0 1242 61 1292880.075
0 1242 62 1292880.075
0 1242 63 1292880.075
0 1243 9 1292880.076
0 1243 11 1292880.076
0 1243 13 1292880.076
0 1243 15 1292880.076
0 1243 25 1292880.076
0 1243 27 1292880.076
0 1243 29 1292880.076
0 1243 31 1292880.076
0 1243 41 1292880.076
0 1243 43 1292880.076
0 1243 45 1292880.076
0 1243 47 1292880.076
0 1243 57 1292880.076
0 1243 59 1292880.076
0 1243 61 1292880.076
0 1243 63 1292880.076
0 1244 2 1292880.077
0 1244 4 1292880.077
0 1244 5 1292880.077
0 1245 1 1292880.078
0 1245 2 1292880.078
0 1245 3 1292880.078
0 1245 4 1292880.078
0 1245 5 1292880.078
0 1245 6 1292880.078
0 1245 7 1292880.078
0 1246 9 1292880.079
0 1246 11 1292880.079
0 1246 13 1292880.079
0 1246 15 1292880.079
0 1246 25 1292880.079
0 1246 27 1292880.079
0 1246 29 1292880.079
0 1246 31 1292880.079
0 1246 41 1292880.079
0 1246 43 1292880.079
0 1246 45 1292880.079
0 1246 47 1292880.079
0 1246 57 1292880.079
0 1246 59 1292880.079
0 1246 61 1292880.079
0 1246 63 1292880.079
0 1248 2 1292880.081
0 1248 4 1292880.081
0 1248 5 1292880.081
0 1249 1 1292880.082
0 1249 2 1292880.082
0 1249 3 1292880.082
0 1249 4 1292880.082
0 1249 5 1292880.082
0 1249 6 1292880.082
0 1249 7 1292880.082
0 1250 9 1292880.083
0 1250 11 1292880.083
0 1250 13 1292880.083
0 1250 15 1292880.083
0 1250 25 1292880.083
0 1250 27 1292880.083
0 1250 29 1292880.083
0 1250 31 1292880.083
0 1250 41 1292880.083
0 1250 43 1292880.083
0 1250 45 1292880.083
0 1250 47 1292880.083
0 1250 57 1292880.083
0 1250 59 1292880.083
0 1250 61 1292880.083
0 1250 63 1292880.083
0 1252 2 1292880.084
0 1252 4 1292880.084
0 1252 5 1292880.084
0 1253 1 1292880.085
0 1253 2 1292880.085
0 1253 3 1292880.085
0 1253 4 1292880.085
0 1253 5 1292880.085
0 1253 6 1292880.085
0 1253 7 1292880.085
0 1254 1 1292880.086
0 1254 2 1292880.086
0 1254 3 1292880.086
0 1254 4 1292880.086
0 1254 5 1292880.086
0 1254 6 1292880.086
0 1254 7 1292880.086
0 1255 1 1292880.086
0 1255 2 1292880.086
0 1255 3 1292880.086
0 1255 4 1292880.086
0 1255 5 1292880.086
0 1255 6 1292880.086
0 1255 7 1292880.086
0 1256 1 1292880.087
0 1256 2 1292880.087
0 1256 3 1292880.087
0 1256 4 1292880.087
0 1256 5 1292880.087
0 1256 6 1292880.087
0 1256 7 1292880.087
0 1257 1 1292880.089
0 1257 2 1292880.089
0 1257 3 1292880.089
0 1257 4 1292880.089
0 1257 5 1292880.089
0 1257 6 1292880.089
0 1257 7 1292880.089
0 1258 1 1292880.095
0 1258 2 1292880.095
0 1258 3 1292880.095
0 1258 4 1292880.095
0 1258 5 1292880.095
0 1258 6 1292880.095
0 1258 7 1292880.095
0 1259 1 1292880.108
0 1259 2 1292880.108
0 1259 3 1292880.108
0 1259 4 1292880.108
0 1259 5 1292880.108
0 1259 6 1292880.108
0 1259 7 1292880.108
0 1260 1 1292880.109
0 1260 3 1292880.109
0 1260 5 1292880.109
0 1260 7 1292880.109
0 1261 2 1292880.11
0 1261 3 1292880.11
0 1261 6 1292880.11
0 1261 7 1292880.11
0 1262 4 1292880.111
0 1262 5 1292880.111
0 1262 6 1292880.111
0 1262 7 1292880.111
0 1263 1 1292880.112
0 1263 2 1292880.112
0 1263 3 1292880.112
0 1263 4 1292880.112
0 1263 5 1292880.112
0 1263 6 1292880.112
0 1263 7 1292880.112
0 1264 1 1292880.112
0 1264 2 1292880.112
0 1264 3 1292880.112
0 1264 4 1292880.112
0 1264 5 1292880.112
0 1264 6 1292880.112
0 1264 7 1292880.112
0 1265 1 1292880.113
0 1265 2 1292880.113
0 1265 3 1292880.113
0 1265 4 1292880.113
0 1265 5 1292880.113
0 1265 6 1292880.113
0 1265 7 1292880.113
0 1266 1 1292880.131
0 1266 2 1292880.131
0 1266 3 1292880.131
0 1266 4 1292880.131
0 1266 5 1292880.131
0 1266 6 1292880.131
0 1266 7 1292880.131
0 1267 1 1292880.417
0 1267 2 1292880.417
0 1267 3 1292880.417
0 1267 4 1292880.417
0 1267 5 1292880.417
0 1267 6 1292880.417
0 1267 7 1292880.417
0 1268 1 1292880.422
0 1268 2 1292880.422
0 1268 3 1292880.422
0 1268 4 1292880.422
0 1268 5 1292880.422
0 1268 6 1292880.422
0 1268 7 1292880.422
0 1269 1 1292880.429
0 1269 2 1292880.429
0 1269 3 1292880.429
0 1269 4 1292880.429
0 1269 5 1292880.429
0 1269 6 1292880.429
0 1269 7 1292880.429
0 1270 1 1292881.019
0 1270 2 1292881.019
0 1270 3 1292881.019
0 1270 4 1292881.019
0 1270 5 1292881.019
0 1270 6 1292881.019
0 1270 7 1292881.019
0 1271 1 1292881.02
0 1271 3 1292881.02
0 1271 5 1292881.02
0 1271 7 1292881.02
0 1272 2 1292881.02
0 1272 3 1292881.02
0 1272 6 1292881.02
0 1272 7 1292881.02
0 1273 4 1292881.021
0 1273 5 1292881.021
0 1273 6 1292881.021
0 1273 7 1292881.021
0 1274 1 1292881.022
0 1274 2 1292881.022
0 1274 3 1292881.022
0 1274 4 1292881.022
0 1274 5 1292881.022
0 1274 6 1292881.022
0 1274 7 1292881.022
0 1275 1 1292881.022
0 1275 2 1292881.022
0 1275 3 1292881.022
0 1275 4 1292881.022
0 1275 5 1292881.022
0 1275 6 1292881.022
0 1275 7 1292881.022
0 1276 1 1292881.023
0 1276 2 1292881.023
0 1276 3 1292881.023
0 1276 4 1292881.023
0 1276 5 1292881.023
0 1276 6 1292881.023
0 1276 7 1292881.023
0 1277 1 1292881.04
0 1277 2 1292881.04
0 1277 3 1292881.04
0 1277 4 1292881.04
0 1277 5 1292881.04
0 1277 6 1292881.04
0 1277 7 1292881.04
0 1278 8 1292881.189
0 1278 9 1292881.189
0 1278 10 1292881.189
0 1278 11 1292881.189
0 1278 12 1292881.189
0 1278 13 1292881.189
0 1278 14 1292881.189
0 1278 15 1292881.189
0 1278 24 1292881.189
0 1278 25 1292881.189
0 1278 26 1292881.189
0 1278 27 1292881.189
0 1278 28 1292881.189
0 1278 29 1292881.189
0 1278 30 1292881.189
0 1278 31 1292881.189
0 1278 40 1292881.189
0 1278 41 1292881.189
0 1278 42 1292881.189
0 1278 43 1292881.189
0 1278 44 1292881.189
0 1278 45 1292881.189
0 1278 46 1292881.189
0 1278 47 1292881.189
0 1278 56 1292881.189
0 1278 57 1292881.189
0 1278 58 1292881.189
0 1278 59 1292881.189
0 1278 60 1292881.189
0 1278 61 1292881.189
0 1278 62 1292881.189
0 1278 63 1292881.189
0 1279 9 1292881.19
0 1279 11 1292881.19
0 1279 13 1292881.19
0 1279 15 1292881.19
0 1279 25 1292881.19
0 1279 27 1292881.19
0 1279 29 1292881.19
0 1279 31 1292881.19
0 1279 41 1292881.19
0 1279 43 1292881.19
0 1279 45 1292881.19
0 1279 47 1292881.19
0 1279 57 1292881.19
0 1279 59 1292881.19
0 1279 61 1292881.19
0 1279 63 1292881.19
0 1280 2 1292881.19
0 1280 4 1292881.19
0 1280 5 1292881.19
0 1281 1 1292881.191
0 1281 2 1292881.191
0 1281 3 1292881.191
0 1281 4 1292881.191
0 1281 5 1292881.191
0 1281 6 1292881.191
0 1281 7 1292881.191
0 1282 9 1292881.193
0 1282 11 1292881.193
0 1282 13 1292881.193
0 1282 15 1292881.193
0 1282 25 1292881.193
0 1282 27 1292881.193
0 1282 29 1292881.193
0 1282 31 1292881.193
0 1282 41 1292881.193
0 1282 43 1292881.193
0 1282 45 1292881.193
0 1282 47 1292881.193
0 1282 57 1292881.193
0 1282 59 1292881.193
0 1282 61 1292881.193
0 1282 63 1292881.193
0 1284 2 1292881.194
0 1284 4 1292881.194
0 1284 5 1292881.194
0 1285 1 1292881.195
0 1285 2 1292881.195
0 1285 3 1292881.195
0 1285 4 1292881.195
0 1285 5 1292881.195
0 1285 6 1292881.195
0 1285 7 1292881.195
0 1286 9 1292881.196
0 1286 11 1292881.196
0 1286 13 1292881.196
0 1286 15 1292881.196
0 1286 25 1292881.196
0 1286 27 1292881.196
0 1286 29 1292881.196
0 1286 31 1292881.196
0 1286 41 1292881.196
0 1286 43 1292881.196
0 1286 45 1292881.196
0 1286 47 1292881.196
0 1286 57 1292881.196
0 1286 59 1292881.196
0 1286 61 1292881.197
0 1286 63 1292881.197
0 1288 2 1292881.197
0 1288 4 1292881.197
0 1288 5 1292881.197
0 1289 1 1292881.199
0 1289 2 1292881.199
0 1289 3 1292881.199
0 1289 4 1292881.199
0 1289 5 1292881.199
0 1289 6 1292881.199
0 1289 7 1292881.199
0 1290 1 1292881.2
0 1290 2 1292881.2
0 1290 3 1292881.2
0 1290 4 1292881.2
0 1290 5 1292881.2
0 1290 6 1292881.2
0 1290 7 1292881.2
0 1291 1 1292881.201
0 1291 2 1292881.201
0 1291 3 1292881.201
0 1291 4 1292881.201
0 1291 5 1292881.201
0 1291 6 1292881.201
0 1291 7 1292881.201
0 1292 1 1292881.201
0 1292 2 1292881.201
0 1292 3 1292881.201
0 1292 4 1292881.201
0 1292 5 1292881.201
0 1292 6 1292881.201
0 1292 7 1292881.201
0 1295 7 1292881.276
0 1297 7 1292881.28
0 1300 1 1292881.323
0 1300 2 1292881.323
0 1300 3 1292881.323
0 1300 4 1292881.323
0 1300 5 1292881.323
0 1300 6 1292881.323
0 1300 7 1292881.323
0 1305 8 1292881.53
0 1305 9 1292881.53
0 1305 10 1292881.53
0 1305 11 1292881.53
0 1305 12 1292881.53
0 1305 13 1292881.53
0 1305 14 1292881.53
0 1305 15 1292881.53
0 1305 24 1292881.53
0 1305 25 1292881.53
0 1305 26 1292881.53
0 1305 27 1292881.531
0 1305 28 1292881.531
0 1305 29 1292881.531
0 1305 30 1292881.531
0 1305 31 1292881.531
0 1305 40 1292881.531
0 1305 41 1292881.531
0 1305 42 1292881.531
0 1305 43 1292881.531
0 1305 44 1292881.531
0 1305 45 1292881.531
0 1305 46 1292881.531
0 1305 47 1292881.531
0 1305 56 1292881.531
0 1305 57 1292881.531
0 1305 58 1292881.531
0 1305 59 1292881.531
0 1305 60 1292881.531
0 1305 61 1292881.531
0 1305 62 1292881.531
0 1305 63 1292881.531
0 1306 9 1292881.531
0 1306 11 1292881.531
0 1306 13 1292881.531
0 1306 15 1292881.531
0 1306 25 1292881.531
0 1306 27 1292881.531
0 1306 29 1292881.531
0 1306 31 1292881.531
0 1306 41 1292881.531
0 1306 43 1292881.531
0 1306 45 1292881.531
0 1306 47 1292881.531
0 1306 57 1292881.531
0 1306 59 1292881.531
0 1306 61 1292881.531
0 1306 63 1292881.531
0 1307 2 1292881.532
0 1307 4 1292881.532
0 1307 5 1292881.532
0 1308 1 1292881.534
0 1308 2 1292881.534
0 1308 3 1292881.534
0 1308 4 1292881.534
0 1308 5 1292881.534
0 1308 6 1292881.534
0 1308 7 1292881.534
0 1309 9 1292881.535
0 1309 11 1292881.535
0 1309 13 1292881.535
0 1309 15 1292881.535
0 1309 25 1292881.535
0 1309 27 1292881.535
0 1309 29 1292881.535
0 1309 31 1292881.535
0 1309 41 1292881.535
0 1309 43 1292881.535
0 1309 45 1292881.535
0 1309 47 1292881.535
0 1309 57 1292881.535
0 1309 59 1292881.535
0 1309 61 1292881.535
0 1309 63 1292881.535
0 1311 2 1292881.537
0 1311 4 1292881.537
0 1311 5 1292881.537
0 1312 1 1292881.538
0 1312 2 1292881.538
0 1312 3 1292881.538
0 1312 4 1292881.538
0 1312 5 1292881.538
0 1312 6 1292881.538
0 1312 7 1292881.538
0 1313 9 1292881.54
0 1313 11 1292881.54
0 1313 13 1292881.54
0 1313 15 1292881.54
0 1313 25 1292881.54
0 1313 27 1292881.54
0 1313 29 1292881.54
0 1313 31 1292881.54
0 1313 41 1292881.54
0 1313 43 1292881.54
0 1313 45 1292881.54
0 1313 47 1292881.54
0 1313 57 1292881.54
0 1313 59 1292881.54
0 1313 61 1292881.54
0 1313 63 1292881.54
0 1315 2 1292881.541
0 1315 4 1292881.541
0 1315 5 1292881.541
0 1316 1 1292881.543
0 1316 2 1292881.543
0 1316 3 1292881.543
0 1316 4 1292881.543
0 1316 5 1292881.543
0 1316 6 1292881.543
0 1316 7 1292881.543
0 1317 1 1292881.543
0 1317 2 1292881.543
0 1317 3 1292881.543
0 1317 4 1292881.543
0 1317 5 1292881.543
0 1317 6 1292881.543
0 1317 7 1292881.543
0 1318 1 1292881.544
0 1318 2 1292881.544
0 1318 3 1292881.544
0 1318 4 1292881.544
0 1318 5 1292881.544
0 1318 6 1292881.544
0 1318 7 1292881.544
0 1319 1 1292881.544
0 1319 2 1292881.544
0 1319 3 1292881.544
0 1319 4 1292881.544
0 1319 5 1292881.544
0 1319 6 1292881.544
0 1319 7 1292881.544
0 1321 8 1292881.564
0 1321 9 1292881.564
0 1321 10 1292881.564
0 1321 11 1292881.564
0 1321 12 1292881.564
0 1321 13 1292881.564
0 1321 14 1292881.564
0 1321 15 1292881.564
0 1321 24 1292881.564
0 1321 25 1292881.564
0 1321 26 1292881.564
0 1321 27 1292881.564
0 1321 28 1292881.564
0 1321 29 1292881.564
0 1321 30 1292881.564
0 1321 31 1292881.564
0 1321 40 1292881.564
0 1321 41 1292881.564
0 1321 42 1292881.564
0 1321 43 1292881.564
0 1321 44 1292881.564
0 1321 45 1292881.564
0 1321 46 1292881.564
0 1321 47 1292881.564
0 1321 56 1292881.564
0 1321 57 1292881.564
0 1321 58 1292881.564
0 1321 59 1292881.564
0 1321 60 1292881.564
0 1321 61 1292881.564
0 1321 62 1292881.564
0 1321 63 1292881.564
0 1322 9 1292881.565
0 1322 11 1292881.565
0 1322 13 1292881.565
0 1322 15 1292881.565
0 1322 25 1292881.565
0 1322 27 1292881.565
0 1322 29 1292881.565
0 1322 31 1292881.565
0 1322 41 1292881.565
0 1322 43 1292881.565
0 1322 45 1292881.565
0 1322 47 1292881.565
0 1322 57 1292881.565
0 1322 59 1292881.565
0 1322 61 1292881.565
0 1322 63 1292881.565
0 1323 2 1292881.566
0 1323 4 1292881.566
0 1323 5 1292881.566
0 1324 1 1292881.567
0 1324 2 1292881.567
0 1324 3 1292881.567
0 1324 4 1292881.567
0 1324 5 1292881.567
0 1324 6 1292881.567
0 1324 7 1292881.567
0 1325 9 1292881.573
0 1325 11 1292881.573
0 1325 13 1292881.573
0 1325 15 1292881.573
0 1325 25 1292881.573
0 1325 27 1292881.573
0 1325 29 1292881.573
0 1325 31 1292881.573
0 1325 41 1292881.573
0 1325 43 1292881.573
0 1325 45 1292881.573
0 1325 47 1292881.573
0 1325 57 1292881.573
0 1325 59 1292881.573
0 1325 61 1292881.573
0 1325 63 1292881.573
0 1327 2 1292881.574
0 1327 4 1292881.574
0 1327 5 1292881.574
0 1328 1 1292881.575
0 1328 2 1292881.575
0 1328 3 1292881.575
0 1328 4 1292881.575
0 1328 5 1292881.575
0 1328 6 1292881.575
0 1328 7 1292881.575
0 1329 9 1292881.577
0 1329 11 1292881.577
0 1329 13 1292881.577
0 1329 15 1292881.577
0 1329 25 1292881.577
0 1329 27 1292881.577
0 1329 29 1292881.577
0 1329 31 1292881.577
0 1329 41 1292881.577
0 1329 43 1292881.577
0 1329 45 1292881.577
0 1329 47 1292881.577
0 1329 57 1292881.577
0 1329 59 1292881.577
0 1329 61 1292881.577
0 1329 63 1292881.577
0 1331 2 1292881.578
0 1331 4 1292881.578
0 1331 5 1292881.578
0 1332 1 1292881.579
0 1332 2 1292881.579
0 1332 3 1292881.579
0 1332 4 1292881.579
0 1332 5 1292881.579
0 1332 6 1292881.579
0 1332 7 1292881.579
0 1333 1 1292881.579
0 1333 2 1292881.579
0 1333 3 1292881.579
0 1333 4 1292881.579
0 1333 5 1292881.579
0 1333 6 1292881.579
0 1333 7 1292881.579
0 1334 1 1292881.58
0 1334 2 1292881.58
0 1334 3 1292881.58
0 1334 4 1292881.58
0 1334 5 1292881.58
0 1334 6 1292881.58
0 1334 7 1292881.58
0 1335 1 1292881.58
0 1335 2 1292881.58
0 1335 3 1292881.58
0 1335 4 1292881.58
0 1335 5 1292881.58
0 1335 6 1292881.58
0 1335 7 1292881.58
0 1337 7 1292881.592
0 1339 7 1292881.598
0 1341 1 1292881.62
0 1341 2 1292881.62
0 1341 3 1292881.62
0 1341 4 1292881.62
0 1341 5 1292881.62
0 1341 6 1292881.62
0 1341 7 1292881.62
0 1342 1 1292881.624
0 1342 2 1292881.624
0 1342 3 1292881.624
0 1342 4 1292881.624
0 1342 5 1292881.624
0 1342 6 1292881.624
0 1342 7 1292881.624
0 1343 1 1292881.658
0 1343 2 1292881.658
0 1343 3 1292881.658
0 1343 4 1292881.658
0 1343 5 1292881.658
0 1343 6 1292881.658
0 1343 7 1292881.658
0 1344 1 1292881.662
0 1344 2 1292881.662
0 1344 3 1292881.662
0 1344 4 1292881.662
0 1344 5 1292881.662
0 1344 6 1292881.662
0 1344 7 1292881.662
0 1345 1 1292881.665
0 1345 2 1292881.665
0 1345 3 1292881.665
0 1345 4 1292881.665
0 1345 5 1292881.665
0 1345 6 1292881.665
0 1345 7 1292881.665
0 1346 1 1292881.668
0 1346 2 1292881.668
0 1346 3 1292881.668
0 1346 4 1292881.668
0 1346 5 1292881.668
0 1346 6 1292881.668
0 1346 7 1292881.668
0 1347 1 1292881.671
0 1347 2 1292881.671
0 1347 3 1292881.671
0 1347 4 1292881.671
0 1347 5 1292881.671
0 1347 6 1292881.671
0 1347 7 1292881.671
0 1348 1 1292881.673
0 1348 2 1292881.673
0 1348 3 1292881.673
0 1348 4 1292881.673
0 1348 5 1292881.673
0 1348 6 1292881.673
0 1348 7 1292881.673
0 1350 1 1292881.701
0 1350 2 1292881.701
0 1350 3 1292881.701
0 1350 4 1292881.701
0 1350 5 1292881.701
0 1350 6 1292881.701
0 1350 7 1292881.701
0 1351 1 1292881.702
0 1351 3 1292881.702
0 1351 5 1292881.702
0 1351 7 1292881.702
0 1352 2 1292881.703
0 1352 3 1292881.703
0 1352 6 1292881.703
0 1352 7 1292881.703
0 1353 4 1292881.703
0 1353 5 1292881.703
0 1353 6 1292881.703
0 1353 7 1292881.703
0 1354 1 1292881.704
0 1354 2 1292881.704
0 1354 3 1292881.704
0 1354 4 1292881.704
0 1354 5 1292881.704
0 1354 6 1292881.704
0 1354 7 1292881.704
0 1355 1 1292881.705
0 1355 2 1292881.705
0 1355 3 1292881.705
0 1355 4 1292881.705
0 1355 5 1292881.705
0 1355 6 1292881.705
0 1355 7 1292881.705
0 1356 1 1292881.705
0 1356 2 1292881.705
0 1356 3 1292881.705
0 1356 4 1292881.705
0 1356 5 1292881.705
0 1356 6 1292881.705
0 1356 7 1292881.705
0 1357 1 1292881.729
0 1357 2 1292881.729
0 1357 3 1292881.729
0 1357 4 1292881.729
0 1357 5 1292881.729
0 1357 6 1292881.729
0 1357 7 1292881.729
0 1362 8 1292882.564
0 1362 9 1292882.564
0 1362 10 1292882.564
0 1362 11 1292882.564
0 1362 12 1292882.564
0 1362 13 1292882.564
0 1362 14 1292882.564
0 1362 15 1292882.564
0 1362 24 1292882.564
0 1362 25 1292882.564
0 1362 26 1292882.564
0 1362 27 1292882.564
0 1362 28 1292882.564
0 1362 29 1292882.564
0 1362 30 1292882.564
0 1362 31 1292882.564
0 1362 40 1292882.564
0 1362 41 1292882.564
0 1362 42 1292882.564
0 1362 43 1292882.564
0 1362 44 1292882.564
0 1362 45 1292882.564
0 1362 46 1292882.564
0 1362 47 1292882.564
0 1362 56 1292882.564
0 1362 57 1292882.564
0 1362 58 1292882.564
0 1362 59 1292882.564
0 1362 60 1292882.564
0 1362 61 1292882.564
0 1362 62 1292882.564
0 1362 63 1292882.564
0 1363 9 1292882.565
0 1363 11 1292882.565
0 1363 13 1292882.565
0 1363 15 1292882.565
0 1363 25 1292882.565
0 1363 27 1292882.565
0 1363 29 1292882.565
0 1363 31 1292882.565
0 1363 41 1292882.565
0 1363 43 1292882.565
0 1363 45 1292882.565
0 1363 47 1292882.565
0 1363 57 1292882.565
0 1363 59 1292882.565
0 1363 61 1292882.565
0 1363 63 1292882.565
0 1364 2 1292882.566
0 1364 4 1292882.566
0 1364 5 1292882.566
0 1365 1 1292882.567
0 1365 2 1292882.567
0 1365 3 1292882.567
0 1365 4 1292882.567
0 1365 5 1292882.567
0 1365 6 1292882.567
0 1365 7 1292882.567
0 1366 9 1292882.569
0 1366 11 1292882.569
0 1366 13 1292882.569
0 1366 15 1292882.569
0 1366 25 1292882.569
0 1366 27 1292882.569
0 1366 29 1292882.569
0 1366 31 1292882.569
0 1366 41 1292882.569
0 1366 43 1292882.569
0 1366 45 1292882.569
0 1366 47 1292882.569
0 1366 57 1292882.569
0 1366 59 1292882.569
0 1366 61 1292882.569
0 1366 63 1292882.569
0 1368 2 1292882.57
0 1368 4 1292882.57
0 1368 5 1292882.57
0 1369 1 1292882.572
0 1369 2 1292882.572
0 1369 3 1292882.572
0 1369 4 1292882.572
0 1369 5 1292882.572
0 1369 6 1292882.572
0 1369 7 1292882.572
0 1370 9 1292882.573
0 1370 11 1292882.573
0 1370 13 1292882.573
0 1370 15 1292882.573
0 1370 25 1292882.573
0 1370 27 1292882.573
0 1370 29 1292882.573
0 1370 31 1292882.573
0 1370 41 1292882.573
0 1370 43 1292882.573
0 1370 45 1292882.573
0 1370 47 1292882.573
0 1370 57 1292882.573
0 1370 59 1292882.573
0 1370 61 1292882.573
0 1370 63 1292882.573
0 1372 2 1292882.574
0 1372 4 1292882.574
0 1372 5 1292882.574
0 1373 1 1292882.575
0 1373 2 1292882.575
0 1373 3 1292882.575
0 1373 4 1292882.575
0 1373 5 1292882.575
0 1373 6 1292882.575
0 1373 7 1292882.575
0 1374 1 1292882.576
0 1374 2 1292882.576
0 1374 3 1292882.576
0 1374 4 1292882.576
0 1374 5 1292882.576
0 1374 6 1292882.576
0 1374 7 1292882.576
0 1375 1 1292882.577
0 1375 2 1292882.577
0 1375 3 1292882.577
0 1375 4 1292882.577
0 1375 5 1292882.577
0 1375 6 1292882.577
0 1375 7 1292882.577
0 1376 1 1292882.578
0 1376 2 1292882.578
0 1376 3 1292882.578
0 1376 4 1292882.578
0 1376 5 1292882.578
0 1376 6 1292882.578
0 1376 7 1292882.578
0 1377 1 1292882.58
0 1377 2 1292882.58
0 1377 3 1292882.58
0 1377 4 1292882.58
0 1377 5 1292882.58
0 1377 6 1292882.58
0 1377 7 1292882.58
0 1378 1 1292882.589
0 1378 2 1292882.589
0 1378 3 1292882.589
0 1378 4 1292882.589
0 1378 5 1292882.589
0 1378 6 1292882.589
0 1378 7 1292882.589
0 1379 1 1292882.603
0 1379 2 1292882.603
0 1379 3 1292882.603
0 1379 4 1292882.603
0 1379 5 1292882.603
0 1379 6 1292882.603
0 1379 7 1292882.603
0 1380 1 1292882.603
0 1380 3 1292882.603
0 1380 5 1292882.603
0 1380 7 1292882.603
0 1381 2 1292882.605
0 1381 3 1292882.605
0 1381 6 1292882.605
0 1381 7 1292882.605
0 1382 4 1292882.606
0 1382 5 1292882.606
0 1382 6 1292882.606
0 1382 7 1292882.606
0 1383 1 1292882.606
0 1383 2 1292882.606
0 1383 3 1292882.606
0 1383 4 1292882.606
0 1383 5 1292882.606
0 1383 6 1292882.606
0 1383 7 1292882.606
0 1384 1 1292882.606
0 1384 2 1292882.606
0 1384 3 1292882.606
0 1384 4 1292882.606
0 1384 5 1292882.606
0 1384 6 1292882.606
0 1384 7 1292882.606
0 1385 1 1292882.607
0 1385 2 1292882.607
0 1385 3 1292882.607
0 1385 4 1292882.607
0 1385 5 1292882.607
0 1385 6 1292882.607
0 1385 7 1292882.607
0 1386 1 1292882.624
0 1386 2 1292882.624
0 1386 3 1292882.624
0 1386 4 1292882.624
0 1386 5 1292882.624
0 1386 6 1292882.624
0 1386 7 1292882.624
0 1387 1 1292882.888
0 1387 2 1292882.888
0 1387 3 1292882.888
0 1387 4 1292882.888
0 1387 5 1292882.888
0 1387 6 1292882.888
0 1387 7 1292882.888
0 1388 1 1292882.893
0 1388 2 1292882.893
0 1388 3 1292882.893
0 1388 4 1292882.893
0 1388 5 1292882.893
0 1388 6 1292882.893
0 1388 7 1292882.893
0 1389 1 1292882.902
0 1389 2 1292882.902
0 1389 3 1292882.902
0 1389 4 1292882.902
0 1389 5 1292882.902
0 1389 6 1292882.902
0 1389 7 1292882.902
0 1390 7 1292883.457
0 1391 6 1292883.466
0 1391 7 1292883.466
0 1392 7 1292883.494
0 1393 5 1292883.495
0 1393 7 1292883.495
0 1394 7 1292883.503
0 1395 3 1292883.503
0 1395 7 1292883.503
0 1396 1 1292883.522
0 1396 2 1292883.522
0 1396 3 1292883.522
0 1396 4 1292883.522
0 1396 5 1292883.522
0 1396 6 1292883.522
0 1396 7 1292883.522
0 1397 1 1292883.523
0 1397 3 1292883.523
0 1397 5 1292883.523
0 1397 7 1292883.523
0 1398 2 1292883.523
0 1398 3 1292883.523
0 1398 6 1292883.523
0 1398 7 1292883.523
0 1399 4 1292883.524
0 1399 5 1292883.524
0 1399 6 1292883.524
0 1399 7 1292883.524
0 1400 1 1292883.524
0 1400 2 1292883.524
0 1400 3 1292883.524
0 1400 4 1292883.524
0 1400 5 1292883.524
0 1400 6 1292883.524
0 1400 7 1292883.524
0 1401 1 1292883.525
0 1401 2 1292883.525
0 1401 3 1292883.525
0 1401 4 1292883.525
0 1401 5 1292883.525
0 1401 6 1292883.525
0 1401 7 1292883.525
0 1402 1 1292883.525
0 1402 2 1292883.525
0 1402 3 1292883.525
0 1402 4 1292883.525
0 1402 5 1292883.525
0 1402 6 1292883.525
0 1402 7 1292883.525
0 1403 1 1292883.543
0 1403 2 1292883.543
0 1403 3 1292883.543
0 1403 4 1292883.543
0 1403 5 1292883.543
0 1403 6 1292883.543
0 1403 7 1292883.543
0 1404 7 1292883.686
0 1405 6 1292883.686
0 1405 7 1292883.686
0 1406 7 1292883.687
0 1407 5 1292883.687
0 1407 7 1292883.687
0 1408 7 1292883.689
0 1409 3 1292883.689
0 1409 7 1292883.689
0 1410 8 1292883.693
0 1410 9 1292883.693
0 1410 10 1292883.693
0 1410 11 1292883.693
0 1410 12 1292883.693
0 1410 13 1292883.693
0 1410 14 1292883.693
0 1410 15 1292883.693
0 1410 24 1292883.693
0 1410 25 1292883.693
0 1410 26 1292883.693
0 1410 27 1292883.693
0 1410 28 1292883.693
0 1410 29 1292883.693
0 1410 30 1292883.693
0 1410 31 1292883.693
0 1410 40 1292883.693
0 1410 41 1292883.693
0 1410 42 1292883.693
0 1410 43 1292883.693
0 1410 44 1292883.693
0 1410 45 1292883.693
0 1410 46 1292883.693
0 1410 47 1292883.693
0 1410 56 1292883.693
0 1410 57 1292883.693
0 1410 58 1292883.693
0 1410 59 1292883.693
0 1410 60 1292883.693
0 1410 61 1292883.693
0 1410 62 1292883.693
0 1410 63 1292883.693
0 1411 9 1292883.694
0 1411 11 1292883.694
0 1411 13 1292883.694
0 1411 15 1292883.694
0 1411 25 1292883.694
0 1411 27 1292883.694
0 1411 29 1292883.694
0 1411 31 1292883.694
0 1411 41 1292883.694
0 1411 43 1292883.694
0 1411 45 1292883.694
0 1411 47 1292883.694
0 1411 57 1292883.694
0 1411 59 1292883.694
0 1411 61 1292883.694
0 1411 63 1292883.694
0 1412 2 1292883.695
0 1412 4 1292883.695
0 1412 5 1292883.695
0 1413 1 1292883.697
0 1413 2 1292883.697
0 1413 3 1292883.697
0 1413 4 1292883.697
0 1413 5 1292883.697
0 1413 6 1292883.697
0 1413 7 1292883.697
0 1414 9 1292883.698
0 1414 11 1292883.698
0 1414 13 1292883.698
0 1414 15 1292883.698
0 1414 25 1292883.698
0 1414 27 1292883.698
0 1414 29 1292883.698
0 1414 31 1292883.698
0 1414 41 1292883.698
0 1414 43 1292883.698
0 1414 45 1292883.698
0 1414 47 1292883.698
0 1414 57 1292883.698
0 1414 59 1292883.698
0 1414 61 1292883.698
0 1414 63 1292883.698
0 1416 2 1292883.699
0 1416 4 1292883.699
0 1416 5 1292883.699
0 1417 1 1292883.701
0 1417 2 1292883.701
0 1417 3 1292883.701
0 1417 4 1292883.701
0 1417 5 1292883.701
0 1417 6 1292883.701
0 1417 7 1292883.701
0 1418 9 1292883.702
0 1418 11 1292883.702
0 1418 13 1292883.702
0 1418 15 1292883.702
0 1418 25 1292883.702
0 1418 27 1292883.702
0 1418 29 1292883.702
0 1418 31 1292883.702
0 1418 41 1292883.702
0 1418 43 1292883.702
0 1418 45 1292883.702
0 1418 47 1292883.702
0 1418 57 1292883.702
0 1418 59 1292883.702
0 1418 61 1292883.702
0 1418 63 1292883.702
0 1420 2 1292883.703
0 1420 4 1292883.703
0 1420 5 1292883.703
0 1421 1 1292883.704
0 1421 2 1292883.704
0 1421 3 1292883.704
0 1421 4 1292883.704
0 1421 5 1292883.704
0 1421 6 1292883.704
0 1421 7 1292883.704
0 1422 1 1292883.705
0 1422 2 1292883.705
0 1422 3 1292883.705
0 1422 4 1292883.705
0 1422 5 1292883.705
0 1422 6 1292883.705
0 1422 7 1292883.705
0 1423 1 1292883.706
0 1423 2 1292883.706
0 1423 3 1292883.706
0 1423 4 1292883.706
0 1423 5 1292883.706
0 1423 6 1292883.706
0 1423 7 1292883.706
0 1424 1 1292883.706
0 1424 2 1292883.706
0 1424 3 1292883.706
0 1424 4 1292883.706
0 1424 5 1292883.706
0 1424 6 1292883.706
0 1424 7 1292883.706
0 1426 8 1292883.782
0 1426 9 1292883.782
0 1426 10 1292883.782
0 1426 11 1292883.782
0 1426 12 1292883.782
0 1426 13 1292883.782
0 1426 14 1292883.782
0 1426 15 1292883.782
0 1426 24 1292883.782
0 1426 25 1292883.782
0 1426 26 1292883.782
0 1426 27 1292883.782
0 1426 28 1292883.782
0 1426 29 1292883.782
0 1426 30 1292883.782
0 1426 31 1292883.782
0 1426 40 1292883.782
0 1426 41 1292883.782
0 1426 42 1292883.782
0 1426 43 1292883.782
0 1426 44 1292883.782
0 1426 45 1292883.782
0 1426 46 1292883.782
0 1426 47 1292883.782
0 1426 56 1292883.782
0 1426 57 1292883.782
0 1426 58 1292883.782
0 1426 59 1292883.782
0 1426 60 1292883.782
0 1426 61 1292883.782
0 1426 62 1292883.782
0 1426 63 1292883.782
0 1427 9 1292883.783
0 1427 11 1292883.783
0 1427 13 1292883.783
0 1427 15 1292883.783
0 1427 25 1292883.783
0 1427 27 1292883.783
0 1427 29 1292883.783
0 1427 31 1292883.783
0 1427 41 1292883.783
0 1427 43 1292883.783
0 1427 45 1292883.783
0 1427 47 1292883.783
0 1427 57 1292883.783
0 1427 59 1292883.783
0 1427 61 1292883.783
0 1427 63 1292883.783
0 1428 2 1292883.784
0 1428 4 1292883.784
0 1428 5 1292883.784
0 1429 1 1292883.785
0 1429 2 1292883.785
0 1429 3 1292883.785
0 1429 4 1292883.785
0 1429 5 1292883.785
0 1429 6 1292883.785
0 1429 7 1292883.785
0 1430 9 1292883.787
0 1430 11 1292883.787
0 1430 13 1292883.787
0 1430 15 1292883.787
0 1430 25 1292883.787
0 1430 27 1292883.787
0 1430 29 1292883.787
0 1430 31 1292883.787
0 1430 41 1292883.787
0 1430 43 1292883.787
0 1430 45 1292883.787
0 1430 47 1292883.787
0 1430 57 1292883.787
0 1430 59 1292883.787
0 1430 61 1292883.787
0 1430 63 1292883.787
0 1432 2 1292883.788
0 1432 4 1292883.788
0 1432 5 1292883.788
0 1433 1 1292883.789
0 1433 2 1292883.789
0 1433 3 1292883.789
0 1433 4 1292883.789
0 1433 5 1292883.789
0 1433 6 1292883.789
0 1433 7 1292883.789
0 1434 9 1292883.791
0 1434 11 1292883.791
0 1434 13 1292883.791
0 1434 15 1292883.791
0 1434 25 1292883.791
0 1434 27 1292883.791
0 1434 29 1292883.791
0 1434 31 1292883.791
0 1434 41 1292883.791
0 1434 43 1292883.791
0 1434 45 1292883.791
0 1434 47 1292883.791
0 1434 57 1292883.791
0 1434 59 1292883.791
0 1434 61 1292883.791
0 1434 63 1292883.791
0 1436 2 1292883.792
0 1436 4 1292883.792
0 1436 5 1292883.792
0 1437 1 1292883.793
0 1437 2 1292883.793
0 1437 3 1292883.793
0 1437 4 1292883.793
0 1437 5 1292883.793
0 1437 6 1292883.793
0 1437 7 1292883.793
0 1438 1 1292883.796
0 1438 2 1292883.796
0 1438 3 1292883.796
0 1438 4 1292883.796
0 1438 5 1292883.796
0 1438 6 1292883.796
0 1438 7 1292883.796
0 1439 1 1292883.796
0 1439 2 1292883.796
0 1439 3 1292883.796
0 1439 4 1292883.796
0 1439 5 1292883.796
0 1439 6 1292883.796
0 1439 7 1292883.796
0 1440 1 1292883.797
0 1440 2 1292883.797
0 1440 3 1292883.797
0 1440 4 1292883.797
0 1440 5 1292883.797
0 1440 6 1292883.797
0 1440 7 1292883.797
0 1441 1 1292883.799
0 1441 2 1292883.799
0 1441 3 1292883.799
0 1441 4 1292883.799
0 1441 5 1292883.799
0 1441 6 1292883.799
0 1441 7 1292883.799
0 1442 1 1292883.806
0 1442 2 1292883.806
0 1442 3 1292883.806
0 1442 4 1292883.806
0 1442 5 1292883.806
0 1442 6 1292883.806
0 1442 7 1292883.806
0 1443 1 1292883.817
0 1443 2 1292883.817
0 1443 3 1292883.817
0 1443 4 1292883.817
0 1443 5 1292883.817
0 1443 6 1292883.817
0 1443 7 1292883.817
0 1444 1 1292883.819
0 1444 3 1292883.819
0 1444 5 1292883.819
0 1444 7 1292883.819
0 1445 2 1292883.821
0 1445 3 1292883.821
0 1445 6 1292883.821
0 1445 7 1292883.821
0 1446 4 1292883.822
0 1446 5 1292883.822
0 1446 6 1292883.822
0 1446 7 1292883.822
0 1447 1 1292883.822
0 1447 2 1292883.822
0 1447 3 1292883.822
0 1447 4 1292883.822
0 1447 5 1292883.822
0 1447 6 1292883.822
0 1447 7 1292883.822
0 1448 1 1292883.823
0 1448 2 1292883.823
0 1448 3 1292883.823
0 1448 4 1292883.823
0 1448 5 1292883.823
0 1448 6 1292883.823
0 1448 7 1292883.823
0 1449 1 1292883.823
0 1449 2 1292883.823
0 1449 3 1292883.823
0 1449 4 1292883.823
0 1449 5 1292883.823
0 1449 6 1292883.823
0 1449 7 1292883.823
0 1450 1 1292883.842
0 1450 2 1292883.842
0 1450 3 1292883.842
0 1450 4 1292883.842
0 1450 5 1292883.842
0 1450 6 1292883.842
0 1450 7 1292883.842
0 1451 1 1292884.129
0 1451 2 1292884.129
0 1451 3 1292884.129
0 1451 4 1292884.129
0 1451 5 1292884.129
0 1451 6 1292884.129
0 1451 7 1292884.129
0 1452 1 1292884.133
0 1452 2 1292884.133
0 1452 3 1292884.133
0 1452 4 1292884.133
0 1452 5 1292884.133
0 1452 6 1292884.133
0 1452 7 1292884.133
0 1453 1 1292884.141
0 1453 2 1292884.141
0 1453 3 1292884.141
0 1453 4 1292884.141
0 1453 5 1292884.141
0 1453 6 1292884.141
0 1453 7 1292884.141
0 1454 1 1292884.723
0 1454 2 1292884.723
0 1454 3 1292884.723
0 1454 4 1292884.723
0 1454 5 1292884.723
0 1454 6 1292884.723
0 1454 7 1292884.723
0 1455 1 1292884.724
0 1455 3 1292884.724
0 1455 5 1292884.724
0 1455 7 1292884.724
0 1456 2 1292884.725
0 1456 3 1292884.725
0 1456 6 1292884.725
0 1456 7 1292884.725
0 1457 4 1292884.726
0 1457 5 1292884.726
0 1457 6 1292884.726
0 1457 7 1292884.726
0 1458 1 1292884.726
0 1458 2 1292884.726
0 1458 3 1292884.726
0 1458 4 1292884.726
0 1458 5 1292884.726
0 1458 6 1292884.726
0 1458 7 1292884.726
0 1459 1 1292884.726
0 1459 2 1292884.726
0 1459 3 1292884.726
0 1459 4 1292884.726
0 1459 5 1292884.726
0 1459 6 1292884.726
0 1459 7 1292884.726
0 1460 1 1292884.727
0 1460 2 1292884.727
0 1460 3 1292884.727
0 1460 4 1292884.727
0 1460 5 1292884.727
0 1460 6 1292884.727
0 1460 7 1292884.727
0 1461 1 1292884.744
0 1461 2 1292884.744
0 1461 3 1292884.744
0 1461 4 1292884.744
0 1461 5 1292884.744
0 1461 6 1292884.744
0 1461 7 1292884.744
0 1462 8 1292884.892
0 1462 9 1292884.892
0 1462 10 1292884.892
0 1462 11 1292884.892
0 1462 12 1292884.892
0 1462 13 1292884.892
0 1462 14 1292884.892
0 1462 15 1292884.892
0 1462 24 1292884.892
0 1462 25 1292884.892
0 1462 26 1292884.892
0 1462 27 1292884.892
0 1462 28 1292884.892
0 1462 29 1292884.892
0 1462 30 1292884.892
0 1462 31 1292884.892
0 1462 40 1292884.892
0 1462 41 1292884.892
0 1462 42 1292884.892
0 1462 43 1292884.892
0 1462 44 1292884.892
0 1462 45 1292884.892
0 1462 46 1292884.892
0 1462 47 1292884.892
0 1462 56 1292884.892
0 1462 57 1292884.892
0 1462 58 1292884.892
0 1462 59 1292884.892
0 1462 60 1292884.892
0 1462 61 1292884.892
0 1462 62 1292884.892
0 1462 63 1292884.892
0 1463 9 1292884.893
0 1463 11 1292884.893
0 1463 13 1292884.893
0 1463 15 1292884.893
0 1463 25 1292884.893
0 1463 27 1292884.893
0 1463 29 1292884.893
0 1463 31 1292884.893
0 1463 41 1292884.893
0 1463 43 1292884.893
0 1463 45 1292884.893
0 1463 47 1292884.893
0 1463 57 1292884.893
0 1463 59 1292884.893
0 1463 61 1292884.893
0 1463 63 1292884.893
0 1464 2 1292884.894
0 1464 4 1292884.894
0 1464 5 1292884.894
0 1465 1 1292884.896
0 1465 2 1292884.896
0 1465 3 1292884.896
0 1465 4 1292884.896
0 1465 5 1292884.896
0 1465 6 1292884.896
0 1465 7 1292884.896
0 1466 9 1292884.897
0 1466 11 1292884.897
0 1466 13 1292884.897
0 1466 15 1292884.897
0 1466 25 1292884.897
0 1466 27 1292884.897
0 1466 29 1292884.897
0 1466 31 1292884.897
0 1466 41 1292884.897
0 1466 43 1292884.897
0 1466 45 1292884.897
0 1466 47 1292884.897
0 1466 57 1292884.897
0 1466 59 1292884.897
0 1466 61 1292884.897
0 1466 63 1292884.897
0 1468 2 1292884.898
0 1468 4 1292884.898
0 1468 5 1292884.898
0 1469 1 1292884.899
0 1469 2 1292884.899
0 1469 3 1292884.899
0 1469 4 1292884.899
0 1469 5 1292884.899
0 1469 6 1292884.899
0 1469 7 1292884.899
0 1470 9 1292884.902
0 1470 11 1292884.902
0 1470 13 1292884.902
0 1470 15 1292884.902
0 1470 25 1292884.902
0 1470 27 1292884.902
0 1470 29 1292884.902
0 1470 31 1292884.902
0 1470 41 1292884.902
0 1470 43 1292884.902
0 1470 45 1292884.902
0 1470 47 1292884.902
0 1470 57 1292884.902
0 1470 59 1292884.902
0 1470 61 1292884.902
0 1470 63 1292884.902
0 1472 2 1292884.903
0 1472 4 1292884.903
0 1472 5 1292884.903
0 1473 1 1292884.904
0 1473 2 1292884.904
0 1473 3 1292884.904
0 1473 4 1292884.904
0 1473 5 1292884.904
0 1473 6 1292884.904
0 1473 7 1292884.904
0 1474 1 1292884.906
0 1474 2 1292884.906
0 1474 3 1292884.906
0 1474 4 1292884.906
0 1474 5 1292884.906
0 1474 6 1292884.906
0 1474 7 1292884.906
0 1475 1 1292884.906
0 1475 2 1292884.906
0 1475 3 1292884.906
0 1475 4 1292884.906
0 1475 5 1292884.906
0 1475 6 1292884.906
0 1475 7 1292884.906
0 1476 1 1292884.907
0 1476 2 1292884.907
0 1476 3 1292884.907
0 1476 4 1292884.907
0 1476 5 1292884.907
0 1476 6 1292884.907
0 1476 7 1292884.907
0 1478 8 1292884.986
0 1478 9 1292884.986
0 1478 10 1292884.986
0 1478 11 1292884.986
0 1478 12 1292884.986
0 1478 13 1292884.986
0 1478 14 1292884.986
0 1478 15 1292884.986
0 1478 24 1292884.986
0 1478 25 1292884.986
0 1478 26 1292884.986
0 1478 27 1292884.986
0 1478 28 1292884.986
0 1478 29 1292884.986
0 1478 30 1292884.986
0 1478 31 1292884.986
0 1478 40 1292884.986
0 1478 41 1292884.986
0 1478 42 1292884.986
0 1478 43 1292884.986
0 1478 44 1292884.986
0 1478 45 1292884.986
0 1478 46 1292884.986
0 1478 47 1292884.986
0 1478 56 1292884.986
0 1478 57 1292884.986
0 1478 58 1292884.986
0 1478 59 1292884.986
0 1478 60 1292884.986
0 1478 61 1292884.986
0 1478 62 1292884.986
0 1478 63 1292884.986
0 1479 9 1292884.988
0 1479 11 1292884.988
0 1479 13 1292884.988
0 1479 15 1292884.988
0 1479 25 1292884.988
0 1479 27 1292884.988
0 1479 29 1292884.988
0 1479 31 1292884.988
0 1479 41 1292884.988
0 1479 43 1292884.988
0 1479 45 1292884.988
0 1479 47 1292884.988
0 1479 57 1292884.988
0 1479 59 1292884.988
0 1479 61 1292884.988
0 1479 63 1292884.988
0 1480 2 1292884.988
0 1480 4 1292884.988
0 1480 5 1292884.988
0 1481 1 1292884.99
0 1481 2 1292884.99
0 1481 3 1292884.99
0 1481 4 1292884.99
0 1481 5 1292884.99
0 1481 6 1292884.99
0 1481 7 1292884.99
0 1482 9 1292884.991
0 1482 11 1292884.991
0 1482 13 1292884.991
0 1482 15 1292884.991
0 1482 25 1292884.991
0 1482 27 1292884.991
0 1482 29 1292884.991
0 1482 31 1292884.991
0 1482 41 1292884.991
0 1482 43 1292884.991
0 1482 45 1292884.991
0 1482 47 1292884.991
0 1482 57 1292884.991
0 1482 59 1292884.991
0 1482 61 1292884.991
0 1482 63 1292884.991
0 1484 2 1292884.993
0 1484 4 1292884.993
0 1484 5 1292884.993
0 1485 1 1292884.993
0 1485 2 1292884.993
0 1485 3 1292884.993
0 1485 4 1292884.993
0 1485 5 1292884.993
0 1485 6 1292884.993
0 1485 7 1292884.993
0 1486 9 1292884.995
0 1486 11 1292884.995
0 1486 13 1292884.995
0 1486 15 1292884.995
0 1486 25 1292884.995
0 1486 27 1292884.995
0 1486 29 1292884.995
0 1486 31 1292884.995
0 1486 41 1292884.995
0 1486 43 1292884.995
0 1486 45 1292884.995
0 1486 47 1292884.995
0 1486 57 1292884.995
0 1486 59 1292884.995
0 1486 61 1292884.995
0 1486 63 1292884.995
0 1488 2 1292884.996
0 1488 4 1292884.996
0 1488 5 1292884.996
0 1489 1 1292884.997
0 1489 2 1292884.997
0 1489 3 1292884.997
0 1489 4 1292884.997
0 1489 5 1292884.997
0 1489 6 1292884.997
0 1489 7 1292884.997
0 1490 1 1292884.999
0 1490 2 1292884.999
0 1490 3 1292884.999
0 1490 4 1292884.999
0 1490 5 1292884.999
0 1490 6 1292884.999
0 1490 7 1292884.999
0 1491 1 1292885
0 1491 2 1292885
0 1491 3 1292885
0 1491 4 1292885
0 1491 5 1292885
0 1491 6 1292885
0 1491 7 1292885
0 1492 1 1292885.001
0 1492 2 1292885.001
0 1492 3 1292885.001
0 1492 4 1292885.001
0 1492 5 1292885.001
0 1492 6 1292885.001
0 1492 7 1292885.001
0 1493 1 1292885.002
0 1493 2 1292885.002
0 1493 3 1292885.002
0 1493 4 1292885.002
0 1493 5 1292885.002
0 1493 6 1292885.002
0 1493 7 1292885.002
0 1494 1 1292885.01
0 1494 2 1292885.01
0 1494 3 1292885.01
0 1494 4 1292885.01
0 1494 5 1292885.01
0 1494 6 1292885.01
0 1494 7 1292885.01
0 1495 1 1292885.023
0 1495 2 1292885.023
0 1495 3 1292885.023
0 1495 4 1292885.023
0 1495 5 1292885.023
0 1495 6 1292885.023
0 1495 7 1292885.023
0 1496 1 1292885.024
0 1496 3 1292885.024
0 1496 5 1292885.024
0 1496 7 1292885.024
0 1497 2 1292885.026
0 1497 3 1292885.026
0 1497 6 1292885.026
0 1497 7 1292885.026
0 1498 4 1292885.027
0 1498 5 1292885.027
0 1498 6 1292885.027
0 1498 7 1292885.027
0 1499 1 1292885.028
0 1499 2 1292885.028
0 1499 3 1292885.028
0 1499 4 1292885.028
0 1499 5 1292885.028
0 1499 6 1292885.028
0 1499 7 1292885.028
0 1500 1 1292885.028
0 1500 2 1292885.028
0 1500 3 1292885.028
0 1500 4 1292885.028
0 1500 5 1292885.028
0 1500 6 1292885.028
0 1500 7 1292885.028
0 1501 1 1292885.029
0 1501 2 1292885.029
0 1501 3 1292885.029
0 1501 4 1292885.029
0 1501 5 1292885.029
0 1501 6 1292885.029
0 1501 7 1292885.029
0 1502 1 1292885.047
0 1502 2 1292885.047
0 1502 3 1292885.047
0 1502 4 1292885.047
0 1502 5 1292885.047
0 1502 6 1292885.047
0 1502 7 1292885.047
0 1503 1 1292885.332
0 1503 2 1292885.332
0 1503 3 1292885.332
0 1503 4 1292885.332
0 1503 5 1292885.332
0 1503 6 1292885.332
0 1503 7 1292885.332
0 1504 1 1292885.336
0 1504 2 1292885.336
0 1504 3 1292885.336
0 1504 4 1292885.336
0 1504 5 1292885.336
0 1504 6 1292885.336
0 1504 7 1292885.336
0 1505 1 1292885.345
0 1505 2 1292885.345
0 1505 3 1292885.345
0 1505 4 1292885.345
0 1505 5 1292885.345
0 1505 6 1292885.345
0 1505 7 1292885.345
0 1506 1 1292885.927
0 1506 2 1292885.927
0 1506 3 1292885.927
0 1506 4 1292885.927
0 1506 5 1292885.927
0 1506 6 1292885.927
0 1506 7 1292885.927
0 1507 1 1292885.927
0 1507 3 1292885.927
0 1507 5 1292885.927
0 1507 7 1292885.927
0 1508 2 1292885.928
0 1508 3 1292885.928
0 1508 6 1292885.928
0 1508 7 1292885.928
0 1509 4 1292885.928
0 1509 5 1292885.928
0 1509 6 1292885.928
0 1509 7 1292885.928
0 1510 1 1292885.928
0 1510 2 1292885.928
0 1510 3 1292885.928
0 1510 4 1292885.928
0 1510 5 1292885.928
0 1510 6 1292885.928
0 1510 7 1292885.928
0 1511 1 1292885.929
0 1511 2 1292885.929
0 1511 3 1292885.929
0 1511 4 1292885.929
0 1511 5 1292885.929
0 1511 6 1292885.929
0 1511 7 1292885.929
0 1512 1 1292885.929
0 1512 2 1292885.929
0 1512 3 1292885.929
0 1512 4 1292885.929
0 1512 5 1292885.929
0 1512 6 1292885.929
0 1512 7 1292885.929
0 1513 1 1292885.947
0 1513 2 1292885.947
0 1513 3 1292885.947
0 1513 4 1292885.947
0 1513 5 1292885.947
0 1513 6 1292885.947
0 1513 7 1292885.947
0 1514 8 1292886.092
0 1514 9 1292886.092
0 1514 10 1292886.092
0 1514 11 1292886.092
0 1514 12 1292886.092
0 1514 13 1292886.092
0 1514 14 1292886.092
0 1514 15 1292886.092
0 1514 24 1292886.092
0 1514 25 1292886.092
0 1514 26 1292886.092
0 1514 27 1292886.092
0 1514 28 1292886.092
0 1514 29 1292886.092
0 1514 30 1292886.092
0 1514 31 1292886.092
0 1514 40 1292886.092
0 1514 41 1292886.092
0 1514 42 1292886.092
0 1514 43 1292886.092
0 1514 44 1292886.092
0 1514 45 1292886.092
0 1514 46 1292886.092
0 1514 47 1292886.092
0 1514 56 1292886.092
0 1514 57 1292886.092
0 1514 58 1292886.092
0 1514 59 1292886.092
0 1514 60 1292886.092
0 1514 61 1292886.092
0 1514 62 1292886.092
0 1514 63 1292886.092
0 1515 9 1292886.093
0 1515 11 1292886.093
0 1515 13 1292886.093
0 1515 15 1292886.093
0 1515 25 1292886.093
0 1515 27 1292886.093
0 1515 29 1292886.093
0 1515 31 1292886.093
0 1515 41 1292886.093
0 1515 43 1292886.093
0 1515 45 1292886.093
0 1515 47 1292886.093
0 1515 57 1292886.093
0 1515 59 1292886.093
0 1515 61 1292886.093
0 1515 63 1292886.093
0 1516 2 1292886.094
0 1516 4 1292886.094
0 1516 5 1292886.094
0 1517 1 1292886.095
0 1517 2 1292886.095
0 1517 3 1292886.095
0 1517 4 1292886.095
0 1517 5 1292886.095
0 1517 6 1292886.095
0 1517 7 1292886.095
0 1518 9 1292886.097
0 1518 11 1292886.097
0 1518 13 1292886.097
0 1518 15 1292886.097
0 1518 25 1292886.097
0 1518 27 1292886.097
0 1518 29 1292886.097
0 1518 31 1292886.097
0 1518 41 1292886.097
0 1518 43 1292886.097
0 1518 45 1292886.097
0 1518 47 1292886.097
0 1518 57 1292886.097
0 1518 59 1292886.097
0 1518 61 1292886.097
0 1518 63 1292886.097
0 1520 2 1292886.098
0 1520 4 1292886.098
0 1520 5 1292886.098
0 1521 1 1292886.099
0 1521 2 1292886.099
0 1521 3 1292886.099
0 1521 4 1292886.099
0 1521 5 1292886.099
0 1521 6 1292886.099
0 1521 7 1292886.099
0 1522 9 1292886.101
0 1522 11 1292886.101
0 1522 13 1292886.101
0 1522 15 1292886.101
0 1522 25 1292886.101
0 1522 27 1292886.101
0 1522 29 1292886.101
0 1522 31 1292886.101
0 1522 41 1292886.101
0 1522 43 1292886.101
0 1522 45 1292886.101
0 1522 47 1292886.101
0 1522 57 1292886.101
0 1522 59 1292886.101
0 1522 61 1292886.101
0 1522 63 1292886.101
0 1524 2 1292886.102
0 1524 4 1292886.102
0 1524 5 1292886.102
0 1525 1 1292886.103
0 1525 2 1292886.103
0 1525 3 1292886.103
0 1525 4 1292886.103
0 1525 5 1292886.103
0 1525 6 1292886.103
0 1525 7 1292886.103
0 1526 1 1292886.104
0 1526 2 1292886.104
0 1526 3 1292886.104
0 1526 4 1292886.104
0 1526 5 1292886.104
0 1526 6 1292886.104
0 1526 7 1292886.104
0 1527 1 1292886.104
0 1527 2 1292886.104
0 1527 3 1292886.104
0 1527 4 1292886.104
0 1527 5 1292886.104
0 1527 6 1292886.104
0 1527 7 1292886.104
0 1528 1 1292886.105
0 1528 2 1292886.105
0 1528 3 1292886.105
0 1528 4 1292886.105
0 1528 5 1292886.105
0 1528 6 1292886.105
0 1528 7 1292886.105
0 1531 7 1292886.176
0 1533 7 1292886.18
0 1536 1 1292886.224
0 1536 2 1292886.224
0 1536 3 1292886.224
0 1536 4 1292886.224
0 1536 5 1292886.224
0 1536 6 1292886.224
0 1536 7 1292886.224
0 1541 8 1292886.429
0 1541 9 1292886.429
0 1541 10 1292886.429
0 1541 11 1292886.429
0 1541 12 1292886.429
0 1541 13 1292886.429
0 1541 14 1292886.429
0 1541 15 1292886.429
0 1541 24 1292886.429
0 1541 25 1292886.429
0 1541 26 1292886.429
0 1541 27 1292886.429
0 1541 28 1292886.429
0 1541 29 1292886.429
0 1541 30 1292886.429
0 1541 31 1292886.429
0 1541 40 1292886.429
0 1541 41 1292886.429
0 1541 42 1292886.429
0 1541 43 1292886.429
0 1541 44 1292886.429
0 1541 45 1292886.429
0 1541 46 1292886.429
0 1541 47 1292886.429
0 1541 56 1292886.429
0 1541 57 1292886.429
0 1541 58 1292886.429
0 1541 59 1292886.429
0 1541 60 1292886.429
0 1541 61 1292886.429
0 1541 62 1292886.429
0 1541 63 1292886.429
0 1542 9 1292886.43
0 1542 11 1292886.43
0 1542 13 1292886.43
0 1542 15 1292886.43
0 1542 25 1292886.43
0 1542 27 1292886.43
0 1542 29 1292886.43
0 1542 31 1292886.43
0 1542 41 1292886.43
0 1542 43 1292886.43
0 1542 45 1292886.43
0 1542 47 1292886.43
0 1542 57 1292886.43
0 1542 59 1292886.43
0 1542 61 1292886.43
0 1542 63 1292886.43
0 1543 2 1292886.431
0 1543 4 1292886.431
0 1543 5 1292886.431
0 1544 1 1292886.432
0 1544 2 1292886.432
0 1544 3 1292886.432
0 1544 4 1292886.432
0 1544 5 1292886.432
0 1544 6 1292886.432
0 1544 7 1292886.432
0 1545 9 1292886.434
0 1545 11 1292886.434
0 1545 13 1292886.434
0 1545 15 1292886.434
0 1545 25 1292886.434
0 1545 27 1292886.434
0 1545 29 1292886.434
0 1545 31 1292886.434
0 1545 41 1292886.434
0 1545 43 1292886.434
0 1545 45 1292886.434
0 1545 47 1292886.434
0 1545 57 1292886.434
0 1545 59 1292886.434
0 1545 61 1292886.434
0 1545 63 1292886.434
0 1547 2 1292886.435
0 1547 4 1292886.435
0 1547 5 1292886.435
0 1548 1 1292886.436
0 1548 2 1292886.436
0 1548 3 1292886.436
0 1548 4 1292886.437
0 1548 5 1292886.437
0 1548 6 1292886.437
0 1548 7 1292886.437
0 1549 9 1292886.438
0 1549 11 1292886.438
0 1549 13 1292886.438
0 1549 15 1292886.438
0 1549 25 1292886.438
0 1549 27 1292886.438
0 1549 29 1292886.438
0 1549 31 1292886.438
0 1549 41 1292886.438
0 1549 43 1292886.438
0 1549 45 1292886.438
0 1549 47 1292886.438
0 1549 57 1292886.438
0 1549 59 1292886.438
0 1549 61 1292886.438
0 1549 63 1292886.438
0 1551 2 1292886.439
0 1551 4 1292886.439
0 1551 5 1292886.439
0 1552 1 1292886.44
0 1552 2 1292886.44
0 1552 3 1292886.44
0 1552 4 1292886.44
0 1552 5 1292886.44
0 1552 6 1292886.44
0 1552 7 1292886.44
0 1553 1 1292886.441
0 1553 2 1292886.441
0 1553 3 1292886.441
0 1553 4 1292886.441
0 1553 5 1292886.441
0 1553 6 1292886.441
0 1553 7 1292886.441
0 1554 1 1292886.441
0 1554 2 1292886.441
0 1554 3 1292886.441
0 1554 4 1292886.441
0 1554 5 1292886.441
0 1554 6 1292886.441
0 1554 7 1292886.441
0 1555 1 1292886.442
0 1555 2 1292886.442
0 1555 3 1292886.442
0 1555 4 1292886.442
0 1555 5 1292886.442
0 1555 6 1292886.442
0 1555 7 1292886.442
0 1557 8 1292886.461
0 1557 9 1292886.461
0 1557 10 1292886.461
0 1557 11 1292886.461
0 1557 12 1292886.461
0 1557 13 1292886.461
0 1557 14 1292886.461
0 1557 15 1292886.461
0 1557 24 1292886.461
0 1557 25 1292886.461
0 1557 26 1292886.461
0 1557 27 1292886.461
0 1557 28 1292886.461
0 1557 29 1292886.461
0 1557 30 1292886.461
0 1557 31 1292886.461
0 1557 40 1292886.461
0 1557 41 1292886.461
0 1557 42 1292886.461
0 1557 43 1292886.461
0 1557 44 1292886.461
0 1557 45 1292886.461
0 1557 46 1292886.461
0 1557 47 1292886.461
0 1557 56 1292886.461
0 1557 57 1292886.461
0 1557 58 1292886.461
0 1557 59 1292886.461
0 1557 60 1292886.461
0 1557 61 1292886.461
0 1557 62 1292886.461
0 1557 63 1292886.461
0 1558 9 1292886.462
0 1558 11 1292886.462
0 1558 13 1292886.462
0 1558 15 1292886.462
0 1558 25 1292886.462
0 1558 27 1292886.462
0 1558 29 1292886.462
0 1558 31 1292886.462
0 1558 41 1292886.462
0 1558 43 1292886.462
0 1558 45 1292886.462
0 1558 47 1292886.462
0 1558 57 1292886.462
0 1558 59 1292886.462
0 1558 61 1292886.462
0 1558 63 1292886.462
0 1559 2 1292886.463
0 1559 4 1292886.463
0 1559 5 1292886.463
0 1560 1 1292886.464
0 1560 2 1292886.464
0 1560 3 1292886.464
0 1560 4 1292886.464
0 1560 5 1292886.464
0 1560 6 1292886.464
0 1560 7 1292886.464
0 1561 9 1292886.465
0 1561 11 1292886.465
0 1561 13 1292886.465
0 1561 15 1292886.465
0 1561 25 1292886.465
0 1561 27 1292886.465
0 1561 29 1292886.465
0 1561 31 1292886.465
0 1561 41 1292886.465
0 1561 43 1292886.465
0 1561 45 1292886.465
0 1561 47 1292886.465
0 1561 57 1292886.465
0 1561 59 1292886.465
0 1561 61 1292886.465
0 1561 63 1292886.465
0 1563 2 1292886.466
0 1563 4 1292886.466
0 1563 5 1292886.466
0 1564 1 1292886.467
0 1564 2 1292886.467
0 1564 3 1292886.467
0 1564 4 1292886.467
0 1564 5 1292886.467
0 1564 6 1292886.467
0 1564 7 1292886.467
0 1565 9 1292886.468
0 1565 11 1292886.468
0 1565 13 1292886.468
0 1565 15 1292886.468
0 1565 25 1292886.468
0 1565 27 1292886.468
0 1565 29 1292886.468
0 1565 31 1292886.468
0 1565 41 1292886.468
0 1565 43 1292886.468
0 1565 45 1292886.468
0 1565 47 1292886.468
0 1565 57 1292886.468
0 1565 59 1292886.468
0 1565 61 1292886.468
0 1565 63 1292886.468
0 1567 2 1292886.469
0 1567 4 1292886.469
0 1567 5 1292886.469
0 1568 1 1292886.47
0 1568 2 1292886.47
0 1568 3 1292886.47
0 1568 4 1292886.47
0 1568 5 1292886.47
0 1568 6 1292886.47
0 1568 7 1292886.47
0 1569 1 1292886.471
0 1569 2 1292886.471
0 1569 3 1292886.471
0 1569 4 1292886.471
0 1569 5 1292886.471
0 1569 6 1292886.471
0 1569 7 1292886.471
0 1570 1 1292886.471
0 1570 2 1292886.471
0 1570 3 1292886.471
0 1570 4 1292886.471
0 1570 5 1292886.471
0 1570 6 1292886.471
0 1570 7 1292886.471
0 1571 1 1292886.472
0 1571 2 1292886.472
0 1571 3 1292886.472
0 1571 4 1292886.472
0 1571 5 1292886.472
0 1571 6 1292886.472
0 1571 7 1292886.472
0 1573 7 1292886.486
0 1575 7 1292886.491
0 1578 7 1292886.518
0 1580 7 1292886.521
0 1583 1 1292886.58
0 1583 2 1292886.58
0 1583 3 1292886.58
0 1583 4 1292886.58
0 1583 5 1292886.58
0 1583 6 1292886.58
0 1583 7 1292886.58
0 1592 1 1292887.017
0 1592 2 1292887.017
0 1592 3 1292887.017
0 1592 4 1292887.017
0 1592 5 1292887.017
0 1592 6 1292887.017
0 1592 7 1292887.017
0 1593 1 1292887.018
0 1593 2 1292887.018
0 1593 3 1292887.018
0 1593 4 1292887.018
0 1593 5 1292887.018
0 1593 6 1292887.018
0 1593 7 1292887.018
0 1594 1 1292887.02
0 1594 2 1292887.02
0 1594 3 1292887.02
0 1594 4 1292887.02
0 1594 5 1292887.02
0 1594 6 1292887.02
0 1594 7 1292887.02
0 1596 8 1292887.039
0 1596 9 1292887.039
0 1596 10 1292887.039
0 1596 11 1292887.039
0 1596 12 1292887.039
0 1596 13 1292887.039
0 1596 14 1292887.039
0 1596 15 1292887.039
0 1596 24 1292887.039
0 1596 25 1292887.039
0 1596 26 1292887.039
0 1596 27 1292887.039
0 1596 28 1292887.039
0 1596 29 1292887.039
0 1596 30 1292887.039
0 1596 31 1292887.039
0 1596 40 1292887.039
0 1596 41 1292887.039
0 1596 42 1292887.039
0 1596 43 1292887.039
0 1596 44 1292887.039
0 1596 45 1292887.039
0 1596 46 1292887.039
0 1596 47 1292887.039
0 1596 56 1292887.039
0 1596 57 1292887.039
0 1596 58 1292887.039
0 1596 59 1292887.039
0 1596 60 1292887.039
0 1596 61 1292887.039
0 1596 62 1292887.039
0 1596 63 1292887.039
0 1597 9 1292887.041
0 1597 11 1292887.041
0 1597 13 1292887.041
0 1597 15 1292887.041
0 1597 25 1292887.041
0 1597 27 1292887.041
0 1597 29 1292887.041
0 1597 31 1292887.041
0 1597 41 1292887.041
0 1597 43 1292887.041
0 1597 45 1292887.041
0 1597 47 1292887.041
0 1597 57 1292887.041
0 1597 59 1292887.041
0 1597 61 1292887.041
0 1597 63 1292887.041
0 1598 2 1292887.042
0 1598 4 1292887.042
0 1598 5 1292887.042
0 1599 1 1292887.045
0 1599 2 1292887.045
0 1599 3 1292887.045
0 1599 4 1292887.045
0 1599 5 1292887.045
0 1599 6 1292887.045
0 1599 7 1292887.045
0 1600 9 1292887.046
0 1600 11 1292887.046
0 1600 13 1292887.046
0 1600 15 1292887.046
0 1600 25 1292887.046
0 1600 27 1292887.046
0 1600 29 1292887.046
0 1600 31 1292887.046
0 1600 41 1292887.046
0 1600 43 1292887.046
0 1600 45 1292887.046
0 1600 47 1292887.046
0 1600 57 1292887.046
0 1600 59 1292887.046
0 1600 61 1292887.046
0 1600 63 1292887.046
0 1602 2 1292887.047
0 1602 4 1292887.047
0 1602 5 1292887.047
0 1603 1 1292887.048
0 1603 2 1292887.048
0 1603 3 1292887.048
0 1603 4 1292887.048
0 1603 5 1292887.048
0 1603 6 1292887.048
0 1603 7 1292887.048
0 1604 9 1292887.05
0 1604 11 1292887.05
0 1604 13 1292887.05
0 1604 15 1292887.05
0 1604 25 1292887.05
0 1604 27 1292887.05
0 1604 29 1292887.05
0 1604 31 1292887.05
0 1604 41 1292887.05
0 1604 43 1292887.05
0 1604 45 1292887.05
0 1604 47 1292887.05
0 1604 57 1292887.05
0 1604 59 1292887.05
0 1604 61 1292887.05
0 1604 63 1292887.05
0 1606 2 1292887.05
0 1606 4 1292887.05
0 1606 5 1292887.051
0 1607 1 1292887.052
0 1607 2 1292887.052
0 1607 3 1292887.052
0 1607 4 1292887.052
0 1607 5 1292887.052
0 1607 6 1292887.052
0 1607 7 1292887.052
0 1608 1 1292887.053
0 1608 2 1292887.053
0 1608 3 1292887.053
0 1608 4 1292887.053
0 1608 5 1292887.053
0 1608 6 1292887.053
0 1608 7 1292887.053
0 1609 1 1292887.053
0 1609 2 1292887.053
0 1609 3 1292887.053
0 1609 4 1292887.053
0 1609 5 1292887.053
0 1609 6 1292887.053
0 1609 7 1292887.053
0 1610 1 1292887.054
0 1610 2 1292887.054
0 1610 3 1292887.054
0 1610 4 1292887.054
0 1610 5 1292887.054
0 1610 6 1292887.054
0 1610 7 1292887.054
0 1612 8 1292887.073
0 1612 9 1292887.073
0 1612 10 1292887.073
0 1612 11 1292887.073
0 1612 12 1292887.073
0 1612 13 1292887.073
0 1612 14 1292887.073
0 1612 15 1292887.073
0 1612 24 1292887.073
0 1612 25 1292887.073
0 1612 26 1292887.073
0 1612 27 1292887.073
0 1612 28 1292887.073
0 1612 29 1292887.073
0 1612 30 1292887.073
0 1612 31 1292887.073
0 1612 40 1292887.073
0 1612 41 1292887.073
0 1612 42 1292887.073
0 1612 43 1292887.073
0 1612 44 1292887.073
0 1612 45 1292887.073
0 1612 46 1292887.073
0 1612 47 1292887.073
0 1612 56 1292887.073
0 1612 57 1292887.073
0 1612 58 1292887.073
0 1612 59 1292887.073
0 1612 60 1292887.073
0 1612 61 1292887.073
0 1612 62 1292887.073
0 1612 63 1292887.073
0 1613 9 1292887.074
0 1613 11 1292887.074
0 1613 13 1292887.074
0 1613 15 1292887.074
0 1613 25 1292887.074
0 1613 27 1292887.074
0 1613 29 1292887.074
0 1613 31 1292887.074
0 1613 41 1292887.074
0 1613 43 1292887.074
0 1613 45 1292887.074
0 1613 47 1292887.074
0 1613 57 1292887.074
0 1613 59 1292887.074
0 1613 61 1292887.074
0 1613 63 1292887.074
0 1614 2 1292887.075
0 1614 4 1292887.075
0 1614 5 1292887.075
0 1615 1 1292887.076
0 1615 2 1292887.076
0 1615 3 1292887.076
0 1615 4 1292887.076
0 1615 5 1292887.076
0 1615 6 1292887.076
0 1615 7 1292887.076
0 1616 9 1292887.077
0 1616 11 1292887.077
0 1616 13 1292887.077
0 1616 15 1292887.077
0 1616 25 1292887.077
0 1616 27 1292887.077
0 1616 29 1292887.077
0 1616 31 1292887.077
0 1616 41 1292887.077
0 1616 43 1292887.077
0 1616 45 1292887.077
0 1616 47 1292887.077
0 1616 57 1292887.077
0 1616 59 1292887.077
0 1616 61 1292887.077
0 1616 63 1292887.077
0 1618 2 1292887.079
0 1618 4 1292887.079
0 1618 5 1292887.079
0 1619 1 1292887.08
0 1619 2 1292887.08
0 1619 3 1292887.08
0 1619 4 1292887.08
0 1619 5 1292887.08
0 1619 6 1292887.08
0 1619 7 1292887.08
0 1620 9 1292887.081
0 1620 11 1292887.081
0 1620 13 1292887.081
0 1620 15 1292887.081
0 1620 25 1292887.081
0 1620 27 1292887.081
0 1620 29 1292887.081
0 1620 31 1292887.081
0 1620 41 1292887.081
0 1620 43 1292887.081
0 1620 45 1292887.081
0 1620 47 1292887.081
0 1620 57 1292887.081
0 1620 59 1292887.081
0 1620 61 1292887.081
0 1620 63 1292887.081
0 1622 2 1292887.082
0 1622 4 1292887.082
0 1622 5 1292887.082
0 1623 1 1292887.083
0 1623 2 1292887.083
0 1623 3 1292887.083
0 1623 4 1292887.083
0 1623 5 1292887.083
0 1623 6 1292887.083
0 1623 7 1292887.083
0 1624 1 1292887.083
0 1624 2 1292887.083
0 1624 3 1292887.083
0 1624 4 1292887.083
0 1624 5 1292887.083
0 1624 6 1292887.083
0 1624 7 1292887.083
0 1625 1 1292887.084
0 1625 2 1292887.084
0 1625 3 1292887.084
0 1625 4 1292887.084
0 1625 5 1292887.084
0 1625 6 1292887.084
0 1625 7 1292887.084
0 1626 1 1292887.084
0 1626 2 1292887.085
0 1626 3 1292887.085
0 1626 4 1292887.085
0 1626 5 1292887.085
0 1626 6 1292887.085
0 1626 7 1292887.085
0 1628 7 1292887.099
0 1630 7 1292887.103